Time: 5.112000  q values: [-0.29344,  0.93509,  0.79659, -1.47211, -0.08834, -0.80971,  0.25721]
Time: 5.115000  q values: [-0.29344,  0.93504,  0.79651, -1.47216, -0.08834, -0.80971,  0.25720]
Time: 5.118000  q values: [-0.29344,  0.93499,  0.79643, -1.47221, -0.08834, -0.80971,  0.25719]
Time: 5.121000  q values: [-0.29344,  0.93495,  0.79635, -1.47226, -0.08834, -0.80971,  0.25719]
Time: 5.124000  q values: [-0.29344,  0.93490,  0.79627, -1.47231, -0.08834, -0.80971,  0.25717]
Time: 5.127000  q values: [-0.29344,  0.93486,  0.79619, -1.47236, -0.08834, -0.80971,  0.25716]
Time: 5.130000  q values: [-0.29344,  0.93482,  0.79611, -1.47241, -0.08834, -0.80971,  0.25715]
Time: 5.133000  q values: [-0.29344,  0.93478,  0.79603, -1.47246, -0.08834, -0.80971,  0.25714]
Time: 5.136000  q values: [-0.29344,  0.93474,  0.79596, -1.47251, -0.08835, -0.80971,  0.25712]
Time: 5.139000  q values: [-0.29344,  0.93470,  0.79589, -1.47256, -0.08835, -0.80971,  0.25711]
Time: 5.142000  q values: [-0.29344,  0.93466,  0.79582, -1.47261, -0.08835, -0.80971,  0.25709]
Time: 5.145000  q values: [-0.29344,  0.93462,  0.79576, -1.47267, -0.08835, -0.80971,  0.25708]
Time: 5.148000  q values: [-0.29344,  0.93458,  0.79569, -1.47272, -0.08835, -0.80971,  0.25706]
Time: 5.151000  q values: [-0.29344,  0.93454,  0.79563, -1.47277, -0.08835, -0.80971,  0.25704]
Time: 5.154000  q values: [-0.29344,  0.93450,  0.79556, -1.47283, -0.08835, -0.80971,  0.25702]
Time: 5.157000  q values: [-0.29344,  0.93446,  0.79549, -1.47288, -0.08835, -0.80971,  0.25700]
Time: 5.160000  q values: [-0.29344,  0.93442,  0.79542, -1.47294, -0.08835, -0.80971,  0.25697]
Time: 5.163000  q values: [-0.29344,  0.93438,  0.79535, -1.47299, -0.08835, -0.80970,  0.25694]
Time: 5.166000  q values: [-0.29344,  0.93435,  0.79528, -1.47305, -0.08835, -0.80970,  0.25692]
Time: 5.169000  q values: [-0.29344,  0.93431,  0.79521, -1.47310, -0.08835, -0.80970,  0.25689]
Time: 5.172000  q values: [-0.29344,  0.93428,  0.79515, -1.47316, -0.08835, -0.80970,  0.25686]
Time: 5.175000  q values: [-0.29344,  0.93424,  0.79508, -1.47321, -0.08835, -0.80970,  0.25683]
Time: 5.178000  q values: [-0.29344,  0.93421,  0.79501, -1.47326, -0.08835, -0.80969,  0.25680]
Time: 5.181000  q values: [-0.29344,  0.93418,  0.79494, -1.47332, -0.08836, -0.80969,  0.25678]
Time: 5.184000  q values: [-0.29344,  0.93414,  0.79487, -1.47337, -0.08836, -0.80969,  0.25675]
Time: 5.187000  q values: [-0.29344,  0.93411,  0.79480, -1.47343, -0.08836, -0.80969,  0.25673]
Time: 5.190000  q values: [-0.29344,  0.93408,  0.79473, -1.47349, -0.08836, -0.80969,  0.25671]
Time: 5.193000  q values: [-0.29344,  0.93404,  0.79466, -1.47354, -0.08836, -0.80969,  0.25669]
Time: 5.196000  q values: [-0.29344,  0.93400,  0.79459, -1.47360, -0.08836, -0.80969,  0.25667]
Time: 5.199000  q values: [-0.29344,  0.93397,  0.79453, -1.47365, -0.08836, -0.80969,  0.25665]
Time: 5.202000  q values: [-0.29344,  0.93393,  0.79446, -1.47371, -0.08836, -0.80969,  0.25664]
Time: 5.205000  q values: [-0.29344,  0.93390,  0.79440, -1.47376, -0.08836, -0.80968,  0.25663]
Time: 5.208000  q values: [-0.29344,  0.93387,  0.79434, -1.47381, -0.08836, -0.80968,  0.25662]
Time: 5.211000  q values: [-0.29344,  0.93384,  0.79428, -1.47387, -0.08837, -0.80968,  0.25661]
Time: 5.214000  q values: [-0.29344,  0.93382,  0.79422, -1.47392, -0.08837, -0.80968,  0.25660]
Time: 5.217000  q values: [-0.29344,  0.93379,  0.79416, -1.47397, -0.08837, -0.80968,  0.25660]
Time: 5.220000  q values: [-0.29344,  0.93377,  0.79410, -1.47403, -0.08837, -0.80968,  0.25659]
Time: 5.223000  q values: [-0.29344,  0.93374,  0.79404, -1.47408, -0.08837, -0.80968,  0.25659]
Time: 5.226000  q values: [-0.29344,  0.93372,  0.79399, -1.47413, -0.08837, -0.80968,  0.25658]
Time: 5.229000  q values: [-0.29344,  0.93370,  0.79393, -1.47418, -0.08837, -0.80968,  0.25658]
Time: 5.232000  q values: [-0.29344,  0.93368,  0.79387, -1.47422, -0.08837, -0.80968,  0.25657]
Time: 5.235000  q values: [-0.29344,  0.93366,  0.79382, -1.47427, -0.08838, -0.80968,  0.25657]
Time: 5.238000  q values: [-0.29344,  0.93364,  0.79377, -1.47432, -0.08838, -0.80968,  0.25656]
Time: 5.241000  q values: [-0.29344,  0.93362,  0.79371, -1.47436, -0.08838, -0.80968,  0.25656]
Time: 5.244000  q values: [-0.29344,  0.93361,  0.79366, -1.47441, -0.08838, -0.80968,  0.25655]
Time: 5.247000  q values: [-0.29344,  0.93360,  0.79360, -1.47445, -0.08838, -0.80968,  0.25655]
Time: 5.250000  q values: [-0.29344,  0.93358,  0.79355, -1.47450, -0.08839, -0.80968,  0.25654]
Time: 5.253000  q values: [-0.29344,  0.93357,  0.79349, -1.47455, -0.08839, -0.80967,  0.25653]
Time: 5.256000  q values: [-0.29344,  0.93356,  0.79344, -1.47460, -0.08839, -0.80967,  0.25652]
Time: 5.259000  q values: [-0.29344,  0.93355,  0.79339, -1.47465, -0.08840, -0.80966,  0.25651]
Time: 5.262000  q values: [-0.29344,  0.93354,  0.79333, -1.47470, -0.08840, -0.80966,  0.25650]
Time: 5.265000  q values: [-0.29344,  0.93353,  0.79328, -1.47475, -0.08841, -0.80965,  0.25648]
Time: 5.268000  q values: [-0.29344,  0.93352,  0.79322, -1.47481, -0.08842, -0.80964,  0.25647]
Time: 5.271000  q values: [-0.29344,  0.93351,  0.79317, -1.47487, -0.08843, -0.80963,  0.25645]
Time: 5.274000  q values: [-0.29344,  0.93351,  0.79311, -1.47492, -0.08844, -0.80962,  0.25643]
Time: 5.277000  q values: [-0.29344,  0.93350,  0.79306, -1.47498, -0.08845, -0.80961,  0.25640]
Time: 5.280000  q values: [-0.29344,  0.93350,  0.79301, -1.47504, -0.08846, -0.80960,  0.25638]
Time: 5.283000  q values: [-0.29344,  0.93349,  0.79296, -1.47510, -0.08847, -0.80959,  0.25635]
Time: 5.286000  q values: [-0.29344,  0.93349,  0.79290, -1.47516, -0.08848, -0.80957,  0.25632]
Time: 5.289000  q values: [-0.29344,  0.93349,  0.79285, -1.47522, -0.08850, -0.80955,  0.25628]
Time: 5.292000  q values: [-0.29344,  0.93349,  0.79279, -1.47528, -0.08851, -0.80953,  0.25624]
Time: 5.295000  q values: [-0.29344,  0.93349,  0.79273, -1.47535, -0.08852, -0.80951,  0.25620]
Time: 5.298000  q values: [-0.29344,  0.93349,  0.79268, -1.47541, -0.08853, -0.80949,  0.25615]
Time: 5.301000  q values: [-0.29344,  0.93350,  0.79262, -1.47547, -0.08855, -0.80947,  0.25610]
Time: 5.304000  q values: [-0.29344,  0.93350,  0.79257, -1.47554, -0.08856, -0.80944,  0.25604]
Time: 5.307000  q values: [-0.29344,  0.93350,  0.79251, -1.47560, -0.08857, -0.80941,  0.25597]
Time: 5.310000  q values: [-0.29344,  0.93350,  0.79245, -1.47567, -0.08859, -0.80937,  0.25589]
Time: 5.313000  q values: [-0.29344,  0.93351,  0.79239, -1.47573, -0.08861, -0.80933,  0.25579]
Time: 5.316000  q values: [-0.29344,  0.93351,  0.79233, -1.47579, -0.08863, -0.80930,  0.25568]
Time: 5.319000  q values: [-0.29344,  0.93352,  0.79226, -1.47585, -0.08867, -0.80926,  0.25556]
Time: 5.322000  q values: [-0.29344,  0.93353,  0.79219, -1.47591, -0.08871, -0.80922,  0.25541]
Time: 5.325000  q values: [-0.29344,  0.93353,  0.79212, -1.47597, -0.08877, -0.80918,  0.25524]
Time: 5.328000  q values: [-0.29344,  0.93354,  0.79204, -1.47603, -0.08883, -0.80913,  0.25504]
Time: 5.331000  q values: [-0.29344,  0.93354,  0.79196, -1.47609, -0.08891, -0.80908,  0.25483]
Time: 5.334000  q values: [-0.29344,  0.93355,  0.79188, -1.47615, -0.08899, -0.80902,  0.25461]
Time: 5.337000  q values: [-0.29344,  0.93356,  0.79180, -1.47621, -0.08908, -0.80896,  0.25438]
Time: 5.340000  q values: [-0.29344,  0.93357,  0.79171, -1.47627, -0.08919, -0.80889,  0.25414]
Time: 5.343000  q values: [-0.29344,  0.93358,  0.79161, -1.47633, -0.08930, -0.80880,  0.25390]
Time: 5.346000  q values: [-0.29344,  0.93359,  0.79152, -1.47638, -0.08944, -0.80872,  0.25364]
Time: 5.349000  q values: [-0.29344,  0.93360,  0.79143, -1.47644, -0.08959, -0.80864,  0.25337]
Time: 5.352000  q values: [-0.29344,  0.93361,  0.79133, -1.47649, -0.08974, -0.80855,  0.25306]
Time: 5.355000  q values: [-0.29344,  0.93362,  0.79123, -1.47655, -0.08991, -0.80846,  0.25273]
Time: 5.358000  q values: [-0.29344,  0.93363,  0.79112, -1.47660, -0.09009, -0.80837,  0.25239]
Time: 5.361000  q values: [-0.29344,  0.93364,  0.79101, -1.47666, -0.09028, -0.80827,  0.25205]
Time: 5.364000  q values: [-0.29344,  0.93366,  0.79089, -1.47672, -0.09049, -0.80817,  0.25169]
Time: 5.367000  q values: [-0.29344,  0.93367,  0.79077, -1.47678, -0.09071, -0.80806,  0.25133]
Time: 5.370000  q values: [-0.29344,  0.93368,  0.79065, -1.47684, -0.09095, -0.80795,  0.25093]
Time: 5.373000  q values: [-0.29344,  0.93369,  0.79052, -1.47690, -0.09121, -0.80784,  0.25052]
Time: 5.376000  q values: [-0.29344,  0.93371,  0.79038, -1.47696, -0.09148, -0.80774,  0.25009]
Time: 5.379000  q values: [-0.29344,  0.93372,  0.79023, -1.47702, -0.09178, -0.80765,  0.24966]
Time: 5.382000  q values: [-0.29344,  0.93373,  0.79008, -1.47709, -0.09210, -0.80757,  0.24920]
Time: 5.385000  q values: [-0.29344,  0.93375,  0.78991, -1.47716, -0.09244, -0.80749,  0.24871]
Time: 5.388000  q values: [-0.29344,  0.93376,  0.78975, -1.47723, -0.09280, -0.80741,  0.24820]
Time: 5.391000  q values: [-0.29344,  0.93378,  0.78957, -1.47730, -0.09318, -0.80734,  0.24768]
Time: 5.394000  q values: [-0.29344,  0.93380,  0.78938, -1.47737, -0.09357, -0.80726,  0.24713]
Time: 5.397000  q values: [-0.29344,  0.93382,  0.78919, -1.47744, -0.09398, -0.80719,  0.24654]
Time: 5.400000  q values: [-0.29343,  0.93384,  0.78900, -1.47752, -0.09442, -0.80713,  0.24594]
Time: 5.403000  q values: [-0.29343,  0.93385,  0.78880, -1.47760, -0.09488, -0.80708,  0.24532]
Time: 5.406000  q values: [-0.29343,  0.93387,  0.78860, -1.47769, -0.09536, -0.80704,  0.24466]
Time: 5.409000  q values: [-0.29343,  0.93389,  0.78838, -1.47778, -0.09586, -0.80699,  0.24398]
Time: 5.412000  q values: [-0.29343,  0.93391,  0.78816, -1.47787, -0.09639, -0.80694,  0.24327]
Time: 5.415000  q values: [-0.29343,  0.93393,  0.78792, -1.47796, -0.09694, -0.80688,  0.24253]
Time: 5.418000  q values: [-0.29343,  0.93396,  0.78768, -1.47806, -0.09751, -0.80682,  0.24177]
Time: 5.421000  q values: [-0.29343,  0.93397,  0.78742, -1.47815, -0.09811, -0.80675,  0.24098]
Time: 5.424000  q values: [-0.29343,  0.93399,  0.78715, -1.47825, -0.09873, -0.80666,  0.24016]
Time: 5.427000  q values: [-0.29343,  0.93401,  0.78688, -1.47836, -0.09938, -0.80657,  0.23931]
Time: 5.430000  q values: [-0.29343,  0.93402,  0.78661, -1.47846, -0.10004, -0.80648,  0.23844]
Time: 5.433000  q values: [-0.29343,  0.93404,  0.78633, -1.47857, -0.10074, -0.80637,  0.23754]
Time: 5.436000  q values: [-0.29343,  0.93406,  0.78605, -1.47868, -0.10146, -0.80628,  0.23662]
Time: 5.439000  q values: [-0.29343,  0.93408,  0.78574, -1.47881, -0.10220, -0.80617,  0.23568]
Time: 5.442000  q values: [-0.29343,  0.93410,  0.78542, -1.47893, -0.10297, -0.80606,  0.23471]
Time: 5.445000  q values: [-0.29343,  0.93412,  0.78509, -1.47906, -0.10376, -0.80594,  0.23372]
Time: 5.448000  q values: [-0.29343,  0.93415,  0.78474, -1.47919, -0.10458, -0.80583,  0.23270]
Time: 5.451000  q values: [-0.29343,  0.93416,  0.78439, -1.47932, -0.10543, -0.80571,  0.23167]
Time: 5.454000  q values: [-0.29343,  0.93418,  0.78404, -1.47946, -0.10630, -0.80561,  0.23060]
Time: 5.457000  q values: [-0.29343,  0.93420,  0.78368, -1.47959, -0.10720, -0.80551,  0.22952]
Time: 5.460000  q values: [-0.29343,  0.93422,  0.78330, -1.47974, -0.10812, -0.80542,  0.22841]
Time: 5.463000  q values: [-0.29343,  0.93424,  0.78290, -1.47988, -0.10906, -0.80533,  0.22727]
Time: 5.466000  q values: [-0.29343,  0.93427,  0.78249, -1.48003, -0.11002, -0.80523,  0.22611]
Time: 5.469000  q values: [-0.29343,  0.93429,  0.78209, -1.48019, -0.11102, -0.80515,  0.22491]
Time: 5.472000  q values: [-0.29343,  0.93431,  0.78168, -1.48034, -0.11204, -0.80506,  0.22369]
Time: 5.475000  q values: [-0.29343,  0.93433,  0.78125, -1.48051, -0.11306, -0.80497,  0.22244]
Time: 5.478000  q values: [-0.29343,  0.93435,  0.78080, -1.48068, -0.11413, -0.80487,  0.22117]
Time: 5.481000  q values: [-0.29343,  0.93437,  0.78034, -1.48086, -0.11521, -0.80476,  0.21988]
Time: 5.484000  q values: [-0.29343,  0.93439,  0.77987, -1.48104, -0.11631, -0.80465,  0.21856]
Time: 5.487000  q values: [-0.29343,  0.93441,  0.77941, -1.48122, -0.11744, -0.80450,  0.21723]
Time: 5.490000  q values: [-0.29343,  0.93443,  0.77893, -1.48142, -0.11859, -0.80435,  0.21589]
Time: 5.493000  q values: [-0.29343,  0.93445,  0.77843, -1.48161, -0.11976, -0.80418,  0.21452]
Time: 5.496000  q values: [-0.29343,  0.93447,  0.77792, -1.48180, -0.12095, -0.80400,  0.21314]
Time: 5.499000  q values: [-0.29343,  0.93448,  0.77742, -1.48199, -0.12217, -0.80382,  0.21174]
Time: 5.502000  q values: [-0.29343,  0.93450,  0.77691, -1.48219, -0.12341, -0.80363,  0.21033]
Time: 5.505000  q values: [-0.29343,  0.93452,  0.77638, -1.48240, -0.12467, -0.80346,  0.20890]
Time: 5.508000  q values: [-0.29343,  0.93454,  0.77584, -1.48260, -0.12595, -0.80330,  0.20745]
Time: 5.511000  q values: [-0.29343,  0.93456,  0.77530, -1.48281, -0.12725, -0.80315,  0.20599]
Time: 5.514000  q values: [-0.29343,  0.93458,  0.77475, -1.48302, -0.12858, -0.80300,  0.20452]
Time: 5.517000  q values: [-0.29343,  0.93460,  0.77419, -1.48323, -0.12992, -0.80284,  0.20303]
Time: 5.520000  q values: [-0.29343,  0.93462,  0.77363, -1.48345, -0.13129, -0.80267,  0.20153]
Time: 5.523000  q values: [-0.29343,  0.93464,  0.77307, -1.48368, -0.13267, -0.80249,  0.20002]
Time: 5.526000  q values: [-0.29343,  0.93466,  0.77250, -1.48391, -0.13409, -0.80228,  0.19850]
Time: 5.529000  q values: [-0.29343,  0.93468,  0.77192, -1.48414, -0.13552, -0.80205,  0.19697]
Time: 5.532000  q values: [-0.29343,  0.93470,  0.77133, -1.48438, -0.13696, -0.80182,  0.19544]
Time: 5.535000  q values: [-0.29343,  0.93472,  0.77073, -1.48462, -0.13843, -0.80158,  0.19389]
Time: 5.538000  q values: [-0.29343,  0.93474,  0.77013, -1.48486, -0.13992, -0.80134,  0.19234]
Time: 5.541000  q values: [-0.29343,  0.93476,  0.76951, -1.48510, -0.14143, -0.80113,  0.19079]
Time: 5.544000  q values: [-0.29343,  0.93478,  0.76889, -1.48535, -0.14295, -0.80092,  0.18922]
Time: 5.547000  q values: [-0.29343,  0.93480,  0.76826, -1.48561, -0.14449, -0.80070,  0.18765]
Time: 5.550000  q values: [-0.29343,  0.93482,  0.76762, -1.48587, -0.14604, -0.80047,  0.18606]
Time: 5.553000  q values: [-0.29343,  0.93484,  0.76698, -1.48613, -0.14761, -0.80023,  0.18446]
Time: 5.556000  q values: [-0.29343,  0.93486,  0.76634, -1.48639, -0.14921, -0.79996,  0.18284]
Time: 5.559000  q values: [-0.29343,  0.93487,  0.76570, -1.48666, -0.15082, -0.79969,  0.18122]
Time: 5.562000  q values: [-0.29343,  0.93488,  0.76505, -1.48694, -0.15245, -0.79942,  0.17959]
Time: 5.565000  q values: [-0.29343,  0.93490,  0.76440, -1.48721, -0.15409, -0.79917,  0.17795]
Time: 5.568000  q values: [-0.29343,  0.93491,  0.76374, -1.48749, -0.15575, -0.79894,  0.17631]
Time: 5.571000  q values: [-0.29343,  0.93492,  0.76308, -1.48777, -0.15742, -0.79870,  0.17467]
Time: 5.574000  q values: [-0.29343,  0.93493,  0.76241, -1.48806, -0.15911, -0.79844,  0.17301]
Time: 5.577000  q values: [-0.29343,  0.93494,  0.76173, -1.48835, -0.16082, -0.79817,  0.17136]
Time: 5.580000  q values: [-0.29343,  0.93494,  0.76104, -1.48863, -0.16254, -0.79788,  0.16969]
Time: 5.583000  q values: [-0.29343,  0.93495,  0.76033, -1.48892, -0.16427, -0.79759,  0.16802]
Time: 5.586000  q values: [-0.29343,  0.93496,  0.75962, -1.48921, -0.16602, -0.79730,  0.16634]
Time: 5.589000  q values: [-0.29343,  0.93496,  0.75890, -1.48950, -0.16779, -0.79705,  0.16465]
Time: 5.592000  q values: [-0.29343,  0.93496,  0.75816, -1.48980, -0.16956, -0.79679,  0.16295]
Time: 5.595000  q values: [-0.29343,  0.93496,  0.75743, -1.49011, -0.17136, -0.79653,  0.16125]
Time: 5.598000  q values: [-0.29343,  0.93496,  0.75668, -1.49041, -0.17317, -0.79626,  0.15954]
Time: 5.601000  q values: [-0.29343,  0.93496,  0.75593, -1.49072, -0.17500, -0.79598,  0.15783]
Time: 5.604000  q values: [-0.29343,  0.93496,  0.75519, -1.49102, -0.17683, -0.79568,  0.15613]
Time: 5.607000  q values: [-0.29343,  0.93496,  0.75445, -1.49133, -0.17869, -0.79538,  0.15442]
Time: 5.610000  q values: [-0.29343,  0.93495,  0.75371, -1.49164, -0.18055, -0.79511,  0.15271]
Time: 5.613000  q values: [-0.29343,  0.93495,  0.75297, -1.49195, -0.18244, -0.79485,  0.15100]
Time: 5.616000  q values: [-0.29343,  0.93494,  0.75223, -1.49226, -0.18433, -0.79460,  0.14928]
Time: 5.619000  q values: [-0.29343,  0.93493,  0.75148, -1.49257, -0.18623, -0.79435,  0.14756]
Time: 5.622000  q values: [-0.29343,  0.93493,  0.75073, -1.49288, -0.18815, -0.79408,  0.14582]
Time: 5.625000  q values: [-0.29343,  0.93493,  0.74998, -1.49319, -0.19007, -0.79382,  0.14409]
Time: 5.628000  q values: [-0.29343,  0.93492,  0.74922, -1.49350, -0.19201, -0.79355,  0.14234]
Time: 5.631000  q values: [-0.29343,  0.93492,  0.74845, -1.49381, -0.19396, -0.79330,  0.14058]
Time: 5.634000  q values: [-0.29343,  0.93492,  0.74767, -1.49412, -0.19592, -0.79307,  0.13883]
Time: 5.637000  q values: [-0.29343,  0.93491,  0.74690, -1.49444, -0.19789, -0.79284,  0.13707]
Time: 5.640000  q values: [-0.29343,  0.93490,  0.74613, -1.49476, -0.19988, -0.79261,  0.13532]
Time: 5.643000  q values: [-0.29343,  0.93489,  0.74536, -1.49508, -0.20187, -0.79237,  0.13356]
Time: 5.646000  q values: [-0.29343,  0.93488,  0.74459, -1.49539, -0.20388, -0.79213,  0.13180]
Time: 5.649000  q values: [-0.29343,  0.93487,  0.74382, -1.49570, -0.20589, -0.79189,  0.13005]
Time: 5.652000  q values: [-0.29343,  0.93486,  0.74305, -1.49601, -0.20791, -0.79166,  0.12829]
Time: 5.655000  q values: [-0.29343,  0.93484,  0.74229, -1.49633, -0.20993, -0.79143,  0.12652]
Time: 5.658000  q values: [-0.29343,  0.93483,  0.74151, -1.49666, -0.21197, -0.79122,  0.12476]
Time: 5.661000  q values: [-0.29343,  0.93482,  0.74072, -1.49698, -0.21402, -0.79103,  0.12300]
Time: 5.664000  q values: [-0.29343,  0.93481,  0.73992, -1.49729, -0.21607, -0.79085,  0.12124]
Time: 5.667000  q values: [-0.29343,  0.93480,  0.73912, -1.49759, -0.21813, -0.79067,  0.11948]
Time: 5.670000  q values: [-0.29343,  0.93479,  0.73832, -1.49789, -0.22020, -0.79050,  0.11774]
Time: 5.673000  q values: [-0.29343,  0.93477,  0.73751, -1.49819, -0.22227, -0.79033,  0.11600]
Time: 5.676000  q values: [-0.29343,  0.93475,  0.73670, -1.49849, -0.22435, -0.79018,  0.11426]
Time: 5.679000  q values: [-0.29343,  0.93473,  0.73589, -1.49879, -0.22644, -0.79003,  0.11254]
Time: 5.682000  q values: [-0.29343,  0.93471,  0.73508, -1.49908, -0.22854, -0.78990,  0.11081]
Time: 5.685000  q values: [-0.29343,  0.93469,  0.73427, -1.49937, -0.23065, -0.78978,  0.10909]
Time: 5.688000  q values: [-0.29343,  0.93467,  0.73347, -1.49966, -0.23277, -0.78968,  0.10737]
Time: 5.691000  q values: [-0.29342,  0.93465,  0.73268, -1.49995, -0.23490, -0.78960,  0.10564]
Time: 5.694000  q values: [-0.29342,  0.93462,  0.73188, -1.50024, -0.23705, -0.78953,  0.10392]
Time: 5.697000  q values: [-0.29343,  0.93459,  0.73108, -1.50053, -0.23919, -0.78949,  0.10220]
Time: 5.700000  q values: [-0.29343,  0.93457,  0.73028, -1.50082, -0.24134, -0.78945,  0.10048]
Time: 5.703000  q values: [-0.29343,  0.93454,  0.72948, -1.50111, -0.24351, -0.78942,  0.09876]
Time: 5.706000  q values: [-0.29343,  0.93452,  0.72867, -1.50140, -0.24567, -0.78940,  0.09705]
Time: 5.709000  q values: [-0.29343,  0.93449,  0.72785, -1.50167, -0.24785, -0.78939,  0.09535]
Time: 5.712000  q values: [-0.29343,  0.93446,  0.72705, -1.50194, -0.25003, -0.78939,  0.09365]
Time: 5.715000  q values: [-0.29342,  0.93443,  0.72625, -1.50221, -0.25222, -0.78939,  0.09195]
Time: 5.718000  q values: [-0.29342,  0.93439,  0.72545, -1.50248, -0.25442, -0.78939,  0.09026]
Time: 5.721000  q values: [-0.29342,  0.93436,  0.72466, -1.50275, -0.25663, -0.78940,  0.08856]
Time: 5.724000  q values: [-0.29342,  0.93433,  0.72387, -1.50301, -0.25884, -0.78940,  0.08685]
Time: 5.727000  q values: [-0.29342,  0.93430,  0.72308, -1.50328, -0.26108, -0.78941,  0.08515]
Time: 5.730000  q values: [-0.29342,  0.93427,  0.72230, -1.50353, -0.26331, -0.78942,  0.08344]
Time: 5.733000  q values: [-0.29343,  0.93424,  0.72151, -1.50379, -0.26556, -0.78943,  0.08172]
Time: 5.736000  q values: [-0.29343,  0.93421,  0.72071, -1.50404, -0.26782, -0.78945,  0.08000]
Time: 5.739000  q values: [-0.29343,  0.93418,  0.71991, -1.50428, -0.27008, -0.78947,  0.07828]
Time: 5.742000  q values: [-0.29343,  0.93415,  0.71911, -1.50451, -0.27234, -0.78950,  0.07656]
Time: 5.745000  q values: [-0.29343,  0.93411,  0.71830, -1.50473, -0.27462, -0.78953,  0.07483]
Time: 5.748000  q values: [-0.29343,  0.93408,  0.71750, -1.50495, -0.27691, -0.78955,  0.07309]
Time: 5.751000  q values: [-0.29343,  0.93404,  0.71669, -1.50516, -0.27921, -0.78957,  0.07135]
Time: 5.754000  q values: [-0.29343,  0.93400,  0.71589, -1.50537, -0.28150, -0.78958,  0.06961]
Time: 5.757000  q values: [-0.29343,  0.93396,  0.71510, -1.50557, -0.28381, -0.78959,  0.06785]
Time: 5.760000  q values: [-0.29342,  0.93391,  0.71433, -1.50576, -0.28613, -0.78961,  0.06608]
Time: 5.763000  q values: [-0.29342,  0.93386,  0.71356, -1.50595, -0.28846, -0.78963,  0.06431]
Time: 5.766000  q values: [-0.29342,  0.93381,  0.71280, -1.50615, -0.29079, -0.78967,  0.06252]
Time: 5.769000  q values: [-0.29342,  0.93375,  0.71203, -1.50634, -0.29314, -0.78972,  0.06073]
Time: 5.772000  q values: [-0.29342,  0.93370,  0.71127, -1.50653, -0.29549, -0.78978,  0.05893]
Time: 5.775000  q values: [-0.29342,  0.93365,  0.71050, -1.50672, -0.29786, -0.78984,  0.05713]
Time: 5.778000  q values: [-0.29342,  0.93359,  0.70973, -1.50690, -0.30023, -0.78990,  0.05532]
Time: 5.781000  q values: [-0.29342,  0.93354,  0.70896, -1.50707, -0.30260, -0.78995,  0.05351]
Time: 5.784000  q values: [-0.29342,  0.93348,  0.70819, -1.50723, -0.30498, -0.79000,  0.05170]
Time: 5.787000  q values: [-0.29342,  0.93342,  0.70743, -1.50738, -0.30737, -0.79006,  0.04987]
Time: 5.790000  q values: [-0.29342,  0.93336,  0.70667, -1.50753, -0.30977, -0.79011,  0.04803]
Time: 5.793000  q values: [-0.29342,  0.93329,  0.70592, -1.50767, -0.31217, -0.79019,  0.04619]
Time: 5.796000  q values: [-0.29342,  0.93322,  0.70519, -1.50781, -0.31457, -0.79027,  0.04433]
Time: 5.799000  q values: [-0.29342,  0.93315,  0.70446, -1.50794, -0.31699, -0.79037,  0.04248]
Time: 5.802000  q values: [-0.29342,  0.93308,  0.70373, -1.50807, -0.31941, -0.79048,  0.04061]
Time: 5.805000  q values: [-0.29342,  0.93301,  0.70301, -1.50819, -0.32183, -0.79058,  0.03875]
Time: 5.808000  q values: [-0.29342,  0.93295,  0.70228, -1.50831, -0.32426, -0.79070,  0.03688]
Time: 5.811000  q values: [-0.29343,  0.93289,  0.70155, -1.50842, -0.32670, -0.79083,  0.03501]
Time: 5.814000  q values: [-0.29343,  0.93283,  0.70081, -1.50852, -0.32913, -0.79096,  0.03314]
Time: 5.817000  q values: [-0.29343,  0.93277,  0.70006, -1.50861, -0.33157, -0.79111,  0.03126]
Time: 5.820000  q values: [-0.29343,  0.93271,  0.69931, -1.50870, -0.33400, -0.79127,  0.02937]
Time: 5.823000  q values: [-0.29343,  0.93265,  0.69857, -1.50878, -0.33644, -0.79142,  0.02748]
Time: 5.826000  q values: [-0.29343,  0.93259,  0.69782, -1.50884, -0.33889, -0.79157,  0.02558]
Time: 5.829000  q values: [-0.29343,  0.93253,  0.69707, -1.50891, -0.34134, -0.79171,  0.02367]
Time: 5.832000  q values: [-0.29343,  0.93247,  0.69634, -1.50897, -0.34379, -0.79185,  0.02176]
Time: 5.835000  q values: [-0.29343,  0.93241,  0.69561, -1.50902, -0.34625, -0.79199,  0.01985]
Time: 5.838000  q values: [-0.29342,  0.93234,  0.69491, -1.50908, -0.34871, -0.79212,  0.01793]
Time: 5.841000  q values: [-0.29342,  0.93227,  0.69422, -1.50914, -0.35118, -0.79224,  0.01601]
Time: 5.844000  q values: [-0.29342,  0.93220,  0.69354, -1.50919, -0.35365, -0.79236,  0.01409]
Time: 5.847000  q values: [-0.29342,  0.93213,  0.69285, -1.50924, -0.35613, -0.79248,  0.01215]
Time: 5.850000  q values: [-0.29342,  0.93206,  0.69217, -1.50929, -0.35861, -0.79259,  0.01021]
Time: 5.853000  q values: [-0.29342,  0.93198,  0.69150, -1.50935, -0.36110, -0.79270,  0.00825]
Time: 5.856000  q values: [-0.29343,  0.93191,  0.69081, -1.50940, -0.36360, -0.79282,  0.00629]
Time: 5.859000  q values: [-0.29343,  0.93183,  0.69013, -1.50944, -0.36608, -0.79294,  0.00431]
Time: 5.862000  q values: [-0.29343,  0.93175,  0.68946, -1.50948, -0.36859, -0.79305,  0.00232]
Time: 5.865000  q values: [-0.29343,  0.93167,  0.68878, -1.50951, -0.37109, -0.79318,  0.00033]
Time: 5.868000  q values: [-0.29342,  0.93158,  0.68812, -1.50954, -0.37360, -0.79329, -0.00167]
Time: 5.871000  q values: [-0.29342,  0.93149,  0.68748, -1.50958, -0.37611, -0.79341, -0.00369]
Time: 5.874000  q values: [-0.29342,  0.93140,  0.68684, -1.50961, -0.37863, -0.79353, -0.00571]
Time: 5.877000  q values: [-0.29342,  0.93131,  0.68621, -1.50964, -0.38115, -0.79362, -0.00775]
Time: 5.880000  q values: [-0.29342,  0.93123,  0.68560, -1.50966, -0.38367, -0.79371, -0.00980]
Time: 5.883000  q values: [-0.29342,  0.93114,  0.68499, -1.50969, -0.38620, -0.79378, -0.01187]
Time: 5.886000  q values: [-0.29343,  0.93105,  0.68437, -1.50971, -0.38873, -0.79385, -0.01396]
Time: 5.889000  q values: [-0.29343,  0.93097,  0.68376, -1.50972, -0.39126, -0.79391, -0.01606]
Time: 5.892000  q values: [-0.29343,  0.93088,  0.68316, -1.50972, -0.39379, -0.79398, -0.01818]
Time: 5.895000  q values: [-0.29343,  0.93079,  0.68253, -1.50971, -0.39631, -0.79403, -0.02030]
Time: 5.898000  q values: [-0.29343,  0.93071,  0.68190, -1.50971, -0.39883, -0.79407, -0.02244]
Time: 5.901000  q values: [-0.29343,  0.93062,  0.68128, -1.50969, -0.40136, -0.79411, -0.02458]
Time: 5.904000  q values: [-0.29343,  0.93054,  0.68066, -1.50967, -0.40388, -0.79413, -0.02673]
Time: 5.907000  q values: [-0.29343,  0.93045,  0.68003, -1.50965, -0.40640, -0.79414, -0.02889]
Time: 5.910000  q values: [-0.29343,  0.93037,  0.67942, -1.50963, -0.40892, -0.79414, -0.03106]
Time: 5.913000  q values: [-0.29343,  0.93028,  0.67882, -1.50961, -0.41144, -0.79414, -0.03325]
Time: 5.916000  q values: [-0.29343,  0.93020,  0.67822, -1.50959, -0.41395, -0.79414, -0.03544]
Time: 5.919000  q values: [-0.29343,  0.93012,  0.67763, -1.50956, -0.41646, -0.79413, -0.03764]
Time: 5.922000  q values: [-0.29343,  0.93003,  0.67705, -1.50954, -0.41898, -0.79413, -0.03985]
Time: 5.925000  q values: [-0.29343,  0.92994,  0.67647, -1.50951, -0.42150, -0.79413, -0.04207]
Time: 5.928000  q values: [-0.29343,  0.92985,  0.67590, -1.50949, -0.42401, -0.79413, -0.04429]
Time: 5.931000  q values: [-0.29343,  0.92976,  0.67533, -1.50946, -0.42653, -0.79412, -0.04652]
Time: 5.934000  q values: [-0.29343,  0.92966,  0.67476, -1.50943, -0.42903, -0.79412, -0.04877]
Time: 5.937000  q values: [-0.29343,  0.92957,  0.67420, -1.50940, -0.43155, -0.79412, -0.05103]
Time: 5.940000  q values: [-0.29343,  0.92948,  0.67363, -1.50936, -0.43405, -0.79412, -0.05331]
Time: 5.943000  q values: [-0.29343,  0.92939,  0.67307, -1.50933, -0.43656, -0.79412, -0.05561]
Time: 5.946000  q values: [-0.29343,  0.92930,  0.67251, -1.50929, -0.43906, -0.79412, -0.05790]
Time: 5.949000  q values: [-0.29343,  0.92920,  0.67196, -1.50925, -0.44155, -0.79412, -0.06021]
Time: 5.952000  q values: [-0.29343,  0.92910,  0.67141, -1.50920, -0.44405, -0.79411, -0.06253]
Time: 5.955000  q values: [-0.29343,  0.92901,  0.67086, -1.50915, -0.44654, -0.79411, -0.06485]
Time: 5.958000  q values: [-0.29343,  0.92892,  0.67032, -1.50909, -0.44904, -0.79410, -0.06717]
Time: 5.961000  q values: [-0.29343,  0.92882,  0.66977, -1.50902, -0.45153, -0.79410, -0.06951]
Time: 5.964000  q values: [-0.29343,  0.92873,  0.66922, -1.50895, -0.45402, -0.79409, -0.07186]
Time: 5.967000  q values: [-0.29343,  0.92863,  0.66868, -1.50888, -0.45651, -0.79409, -0.07422]
Time: 5.970000  q values: [-0.29343,  0.92853,  0.66814, -1.50880, -0.45899, -0.79409, -0.07659]
Time: 5.973000  q values: [-0.29343,  0.92843,  0.66760, -1.50873, -0.46147, -0.79409, -0.07897]
Time: 5.976000  q values: [-0.29343,  0.92833,  0.66705, -1.50865, -0.46395, -0.79408, -0.08136]
Time: 5.979000  q values: [-0.29343,  0.92824,  0.66651, -1.50857, -0.46642, -0.79408, -0.08374]
Time: 5.982000  q values: [-0.29343,  0.92815,  0.66598, -1.50848, -0.46889, -0.79408, -0.08613]
Time: 5.985000  q values: [-0.29343,  0.92806,  0.66545, -1.50840, -0.47135, -0.79408, -0.08853]
Time: 5.988000  q values: [-0.29343,  0.92796,  0.66490, -1.50830, -0.47381, -0.79407, -0.09095]
Time: 5.991000  q values: [-0.29343,  0.92786,  0.66437, -1.50821, -0.47627, -0.79405, -0.09338]
Time: 5.994000  q values: [-0.29343,  0.92777,  0.66384, -1.50811, -0.47872, -0.79403, -0.09581]
Time: 5.997000  q values: [-0.29343,  0.92767,  0.66331, -1.50800, -0.48117, -0.79400, -0.09825]
Time: 6.000000  q values: [-0.29343,  0.92758,  0.66276, -1.50789, -0.48362, -0.79395, -0.10069]
Time: 6.003000  q values: [-0.29343,  0.92748,  0.66221, -1.50779, -0.48606, -0.79389, -0.10313]
Time: 6.006000  q values: [-0.29343,  0.92739,  0.66166, -1.50768, -0.48851, -0.79380, -0.10558]
Time: 6.009000  q values: [-0.29343,  0.92730,  0.66111, -1.50757, -0.49094, -0.79370, -0.10803]
Time: 6.012000  q values: [-0.29343,  0.92721,  0.66055, -1.50745, -0.49339, -0.79358, -0.11049]
Time: 6.015000  q values: [-0.29343,  0.92712,  0.66000, -1.50733, -0.49583, -0.79344, -0.11296]
Time: 6.018000  q values: [-0.29343,  0.92704,  0.65945, -1.50721, -0.49827, -0.79330, -0.11543]
Time: 6.021000  q values: [-0.29343,  0.92695,  0.65891, -1.50708, -0.50070, -0.79315, -0.11790]
Time: 6.024000  q values: [-0.29343,  0.92686,  0.65835, -1.50695, -0.50313, -0.79298, -0.12036]
Time: 6.027000  q values: [-0.29343,  0.92677,  0.65779, -1.50681, -0.50557, -0.79280, -0.12283]
Time: 6.030000  q values: [-0.29343,  0.92668,  0.65724, -1.50667, -0.50800, -0.79259, -0.12529]
Time: 6.033000  q values: [-0.29343,  0.92660,  0.65668, -1.50652, -0.51043, -0.79235, -0.12775]
Time: 6.036000  q values: [-0.29343,  0.92651,  0.65612, -1.50637, -0.51286, -0.79208, -0.13021]
Time: 6.039000  q values: [-0.29343,  0.92642,  0.65556, -1.50622, -0.51529, -0.79179, -0.13268]
Time: 6.042000  q values: [-0.29343,  0.92633,  0.65499, -1.50608, -0.51771, -0.79148, -0.13515]
Time: 6.045000  q values: [-0.29343,  0.92624,  0.65441, -1.50593, -0.52015, -0.79116, -0.13761]
Time: 6.048000  q values: [-0.29343,  0.92616,  0.65382, -1.50578, -0.52255, -0.79084, -0.14006]
Time: 6.051000  q values: [-0.29343,  0.92608,  0.65323, -1.50562, -0.52498, -0.79049, -0.14251]
Time: 6.054000  q values: [-0.29343,  0.92599,  0.65263, -1.50547, -0.52739, -0.79012, -0.14495]
Time: 6.057000  q values: [-0.29343,  0.92591,  0.65203, -1.50531, -0.52981, -0.78973, -0.14739]
Time: 6.060000  q values: [-0.29343,  0.92583,  0.65141, -1.50516, -0.53221, -0.78933, -0.14982]
Time: 6.063000  q values: [-0.29343,  0.92575,  0.65080, -1.50500, -0.53462, -0.78891, -0.15226]
Time: 6.066000  q values: [-0.29343,  0.92567,  0.65018, -1.50483, -0.53702, -0.78848, -0.15469]
Time: 6.069000  q values: [-0.29343,  0.92559,  0.64956, -1.50466, -0.53942, -0.78801, -0.15711]
Time: 6.072000  q values: [-0.29343,  0.92551,  0.64894, -1.50448, -0.54181, -0.78753, -0.15953]
Time: 6.075000  q values: [-0.29343,  0.92544,  0.64832, -1.50432, -0.54421, -0.78705, -0.16194]
Time: 6.078000  q values: [-0.29343,  0.92536,  0.64769, -1.50415, -0.54660, -0.78654, -0.16434]
Time: 6.081000  q values: [-0.29343,  0.92528,  0.64705, -1.50397, -0.54899, -0.78599, -0.16674]
Time: 6.084000  q values: [-0.29343,  0.92521,  0.64641, -1.50379, -0.55138, -0.78544, -0.16914]
Time: 6.087000  q values: [-0.29343,  0.92514,  0.64577, -1.50361, -0.55375, -0.78489, -0.17153]
Time: 6.090000  q values: [-0.29343,  0.92507,  0.64512, -1.50342, -0.55615, -0.78430, -0.17393]
Time: 6.093000  q values: [-0.29343,  0.92500,  0.64445, -1.50324, -0.55852, -0.78370, -0.17631]
Time: 6.096000  q values: [-0.29343,  0.92493,  0.64379, -1.50305, -0.56089, -0.78308, -0.17868]
Time: 6.099000  q values: [-0.29343,  0.92486,  0.64311, -1.50286, -0.56326, -0.78246, -0.18105]
Time: 6.102000  q values: [-0.29343,  0.92480,  0.64242, -1.50266, -0.56562, -0.78182, -0.18340]
Time: 6.105000  q values: [-0.29343,  0.92474,  0.64173, -1.50245, -0.56798, -0.78117, -0.18574]
Time: 6.108000  q values: [-0.29343,  0.92468,  0.64103, -1.50225, -0.57034, -0.78050, -0.18809]
Time: 6.111000  q values: [-0.29343,  0.92462,  0.64032, -1.50205, -0.57270, -0.77982, -0.19043]
Time: 6.114000  q values: [-0.29343,  0.92455,  0.63960, -1.50184, -0.57505, -0.77913, -0.19276]
Time: 6.117000  q values: [-0.29343,  0.92450,  0.63888, -1.50164, -0.57741, -0.77842, -0.19510]
Time: 6.120000  q values: [-0.29343,  0.92444,  0.63815, -1.50143, -0.57976, -0.77769, -0.19742]
Time: 6.123000  q values: [-0.29343,  0.92438,  0.63742, -1.50122, -0.58212, -0.77697, -0.19973]
Time: 6.126000  q values: [-0.29343,  0.92433,  0.63669, -1.50102, -0.58446, -0.77622, -0.20204]
Time: 6.129000  q values: [-0.29343,  0.92427,  0.63596, -1.50082, -0.58682, -0.77547, -0.20433]
Time: 6.132000  q values: [-0.29343,  0.92421,  0.63524, -1.50062, -0.58916, -0.77471, -0.20663]
Time: 6.135000  q values: [-0.29343,  0.92415,  0.63450, -1.50041, -0.59151, -0.77394, -0.20891]
Time: 6.138000  q values: [-0.29343,  0.92409,  0.63377, -1.50020, -0.59385, -0.77317, -0.21120]
Time: 6.141000  q values: [-0.29343,  0.92403,  0.63304, -1.50000, -0.59619, -0.77238, -0.21348]
Time: 6.144000  q values: [-0.29343,  0.92397,  0.63230, -1.49980, -0.59852, -0.77159, -0.21574]
Time: 6.147000  q values: [-0.29343,  0.92392,  0.63155, -1.49959, -0.60084, -0.77078, -0.21800]
Time: 6.150000  q values: [-0.29343,  0.92387,  0.63079, -1.49939, -0.60316, -0.76998, -0.22025]
Time: 6.153000  q values: [-0.29343,  0.92382,  0.63003, -1.49918, -0.60547, -0.76917, -0.22249]
Time: 6.156000  q values: [-0.29343,  0.92377,  0.62927, -1.49896, -0.60779, -0.76835, -0.22472]
Time: 6.159000  q values: [-0.29343,  0.92372,  0.62852, -1.49875, -0.61010, -0.76753, -0.22694]
Time: 6.162000  q values: [-0.29343,  0.92368,  0.62776, -1.49853, -0.61240, -0.76670, -0.22916]
Time: 6.165000  q values: [-0.29343,  0.92363,  0.62699, -1.49831, -0.61470, -0.76587, -0.23137]
Time: 6.168000  q values: [-0.29343,  0.92358,  0.62624, -1.49809, -0.61699, -0.76504, -0.23358]
Time: 6.171000  q values: [-0.29343,  0.92354,  0.62548, -1.49786, -0.61929, -0.76419, -0.23578]
Time: 6.174000  q values: [-0.29343,  0.92350,  0.62472, -1.49764, -0.62158, -0.76337, -0.23797]
Time: 6.177000  q values: [-0.29343,  0.92347,  0.62395, -1.49741, -0.62386, -0.76254, -0.24015]
Time: 6.180000  q values: [-0.29343,  0.92343,  0.62318, -1.49719, -0.62613, -0.76171, -0.24233]
Time: 6.183000  q values: [-0.29343,  0.92340,  0.62240, -1.49696, -0.62841, -0.76088, -0.24451]
Time: 6.186000  q values: [-0.29343,  0.92337,  0.62162, -1.49673, -0.63067, -0.76005, -0.24669]
Time: 6.189000  q values: [-0.29343,  0.92334,  0.62083, -1.49649, -0.63293, -0.75925, -0.24887]
Time: 6.192000  q values: [-0.29343,  0.92331,  0.62005, -1.49625, -0.63518, -0.75842, -0.25105]
Time: 6.195000  q values: [-0.29343,  0.92328,  0.61925, -1.49602, -0.63744, -0.75762, -0.25323]
Time: 6.198000  q values: [-0.29343,  0.92325,  0.61846, -1.49577, -0.63968, -0.75683, -0.25541]
Time: 6.201000  q values: [-0.29343,  0.92322,  0.61767, -1.49553, -0.64194, -0.75604, -0.25758]
Time: 6.204000  q values: [-0.29343,  0.92319,  0.61688, -1.49529, -0.64417, -0.75527, -0.25975]
Time: 6.207000  q values: [-0.29343,  0.92317,  0.61610, -1.49505, -0.64641, -0.75450, -0.26191]
Time: 6.210000  q values: [-0.29343,  0.92314,  0.61533, -1.49482, -0.64864, -0.75376, -0.26407]
Time: 6.213000  q values: [-0.29343,  0.92311,  0.61456, -1.49459, -0.65087, -0.75302, -0.26623]
Time: 6.216000  q values: [-0.29343,  0.92309,  0.61379, -1.49436, -0.65310, -0.75229, -0.26840]
Time: 6.219000  q values: [-0.29343,  0.92306,  0.61302, -1.49413, -0.65532, -0.75158, -0.27057]
Time: 6.222000  q values: [-0.29343,  0.92303,  0.61225, -1.49389, -0.65753, -0.75087, -0.27273]
Time: 6.225000  q values: [-0.29343,  0.92301,  0.61149, -1.49366, -0.65973, -0.75019, -0.27490]
Time: 6.228000  q values: [-0.29343,  0.92298,  0.61071, -1.49341, -0.66192, -0.74952, -0.27706]
Time: 6.231000  q values: [-0.29343,  0.92296,  0.60995, -1.49317, -0.66411, -0.74884, -0.27922]
Time: 6.234000  q values: [-0.29343,  0.92294,  0.60919, -1.49293, -0.66629, -0.74819, -0.28138]
Time: 6.237000  q values: [-0.29343,  0.92291,  0.60843, -1.49269, -0.66846, -0.74754, -0.28354]
Time: 6.240000  q values: [-0.29343,  0.92289,  0.60768, -1.49244, -0.67062, -0.74691, -0.28572]
Time: 6.243000  q values: [-0.29343,  0.92286,  0.60693, -1.49219, -0.67279, -0.74629, -0.28790]
Time: 6.246000  q values: [-0.29343,  0.92284,  0.60618, -1.49194, -0.67494, -0.74568, -0.29009]
Time: 6.249000  q values: [-0.29343,  0.92282,  0.60544, -1.49169, -0.67709, -0.74509, -0.29228]
Time: 6.252000  q values: [-0.29343,  0.92280,  0.60471, -1.49143, -0.67922, -0.74450, -0.29448]
Time: 6.255000  q values: [-0.29343,  0.92278,  0.60396, -1.49117, -0.68135, -0.74394, -0.29668]
Time: 6.258000  q values: [-0.29343,  0.92276,  0.60321, -1.49091, -0.68347, -0.74341, -0.29888]
Time: 6.261000  q values: [-0.29343,  0.92275,  0.60246, -1.49065, -0.68559, -0.74288, -0.30110]
Time: 6.264000  q values: [-0.29343,  0.92274,  0.60171, -1.49039, -0.68769, -0.74236, -0.30331]
Time: 6.267000  q values: [-0.29343,  0.92273,  0.60096, -1.49012, -0.68979, -0.74188, -0.30554]
Time: 6.270000  q values: [-0.29343,  0.92272,  0.60022, -1.48985, -0.69187, -0.74142, -0.30778]
Time: 6.273000  q values: [-0.29343,  0.92271,  0.59947, -1.48957, -0.69396, -0.74097, -0.31003]
Time: 6.276000  q values: [-0.29343,  0.92270,  0.59873, -1.48929, -0.69603, -0.74053, -0.31229]
Time: 6.279000  q values: [-0.29343,  0.92269,  0.59800, -1.48901, -0.69809, -0.74013, -0.31456]
Time: 6.282000  q values: [-0.29343,  0.92268,  0.59728, -1.48874, -0.70016, -0.73978, -0.31684]
Time: 6.285000  q values: [-0.29343,  0.92267,  0.59657, -1.48846, -0.70221, -0.73944, -0.31913]
Time: 6.288000  q values: [-0.29343,  0.92266,  0.59587, -1.48820, -0.70427, -0.73910, -0.32144]
Time: 6.291000  q values: [-0.29343,  0.92264,  0.59517, -1.48792, -0.70630, -0.73877, -0.32376]
Time: 6.294000  q values: [-0.29343,  0.92263,  0.59447, -1.48765, -0.70834, -0.73847, -0.32610]
Time: 6.297000  q values: [-0.29343,  0.92262,  0.59378, -1.48738, -0.71036, -0.73822, -0.32846]
Time: 6.300000  q values: [-0.29343,  0.92261,  0.59309, -1.48710, -0.71238, -0.73801, -0.33084]
Time: 6.303000  q values: [-0.29343,  0.92261,  0.59241, -1.48682, -0.71439, -0.73783, -0.33323]
Time: 6.306000  q values: [-0.29343,  0.92260,  0.59172, -1.48654, -0.71639, -0.73766, -0.33565]
Time: 6.309000  q values: [-0.29343,  0.92259,  0.59104, -1.48626, -0.71839, -0.73751, -0.33807]
Time: 6.312000  q values: [-0.29343,  0.92258,  0.59037, -1.48598, -0.72038, -0.73737, -0.34052]
Time: 6.315000  q values: [-0.29343,  0.92257,  0.58971, -1.48570, -0.72236, -0.73725, -0.34299]
Time: 6.318000  q values: [-0.29343,  0.92255,  0.58907, -1.48541, -0.72433, -0.73715, -0.34548]
Time: 6.321000  q values: [-0.29343,  0.92254,  0.58842, -1.48512, -0.72630, -0.73707, -0.34799]
Time: 6.324000  q values: [-0.29343,  0.92253,  0.58778, -1.48483, -0.72826, -0.73701, -0.35052]
Time: 6.327000  q values: [-0.29343,  0.92252,  0.58715, -1.48454, -0.73021, -0.73697, -0.35307]
Time: 6.330000  q values: [-0.29343,  0.92251,  0.58652, -1.48425, -0.73217, -0.73694, -0.35564]
Time: 6.333000  q values: [-0.29343,  0.92251,  0.58589, -1.48396, -0.73410, -0.73694, -0.35822]
Time: 6.336000  q values: [-0.29343,  0.92250,  0.58527, -1.48367, -0.73604, -0.73694, -0.36081]
Time: 6.339000  q values: [-0.29343,  0.92250,  0.58465, -1.48338, -0.73796, -0.73695, -0.36342]
Time: 6.342000  q values: [-0.29343,  0.92249,  0.58402, -1.48309, -0.73987, -0.73695, -0.36606]
Time: 6.345000  q values: [-0.29343,  0.92249,  0.58339, -1.48280, -0.74177, -0.73696, -0.36872]
Time: 6.348000  q values: [-0.29343,  0.92249,  0.58278, -1.48250, -0.74367, -0.73696, -0.37139]
Time: 6.351000  q values: [-0.29343,  0.92248,  0.58217, -1.48221, -0.74555, -0.73696, -0.37408]
Time: 6.354000  q values: [-0.29343,  0.92248,  0.58157, -1.48191, -0.74742, -0.73696, -0.37678]
Time: 6.357000  q values: [-0.29343,  0.92247,  0.58098, -1.48162, -0.74929, -0.73696, -0.37950]
Time: 6.360000  q values: [-0.29343,  0.92247,  0.58040, -1.48133, -0.75114, -0.73696, -0.38223]
Time: 6.363000  q values: [-0.29343,  0.92246,  0.57982, -1.48103, -0.75298, -0.73696, -0.38498]
Time: 6.366000  q values: [-0.29343,  0.92246,  0.57926, -1.48074, -0.75481, -0.73696, -0.38774]
Time: 6.369000  q values: [-0.29343,  0.92245,  0.57871, -1.48045, -0.75664, -0.73696, -0.39053]
Time: 6.372000  q values: [-0.29343,  0.92244,  0.57817, -1.48016, -0.75846, -0.73697, -0.39334]
Time: 6.375000  q values: [-0.29343,  0.92243,  0.57763, -1.47987, -0.76026, -0.73697, -0.39616]
Time: 6.378000  q values: [-0.29343,  0.92242,  0.57711, -1.47958, -0.76206, -0.73699, -0.39899]
Time: 6.381000  q values: [-0.29343,  0.92241,  0.57660, -1.47929, -0.76385, -0.73700, -0.40184]
Time: 6.384000  q values: [-0.29343,  0.92240,  0.57609, -1.47899, -0.76563, -0.73702, -0.40472]
Time: 6.387000  q values: [-0.29343,  0.92239,  0.57558, -1.47870, -0.76741, -0.73705, -0.40762]
Time: 6.390000  q values: [-0.29343,  0.92238,  0.57508, -1.47840, -0.76917, -0.73708, -0.41053]
Time: 6.393000  q values: [-0.29343,  0.92237,  0.57458, -1.47810, -0.77092, -0.73712, -0.41347]
Time: 6.396000  q values: [-0.29343,  0.92235,  0.57410, -1.47781, -0.77265, -0.73716, -0.41642]
Time: 6.399000  q values: [-0.29343,  0.92235,  0.57361, -1.47752, -0.77439, -0.73722, -0.41939]
Time: 6.402000  q values: [-0.29343,  0.92234,  0.57312, -1.47722, -0.77611, -0.73727, -0.42237]
Time: 6.405000  q values: [-0.29343,  0.92233,  0.57264, -1.47692, -0.77782, -0.73734, -0.42537]
Time: 6.408000  q values: [-0.29343,  0.92233,  0.57217, -1.47662, -0.77951, -0.73740, -0.42838]
Time: 6.411000  q values: [-0.29343,  0.92232,  0.57171, -1.47632, -0.78120, -0.73745, -0.43141]
Time: 6.414000  q values: [-0.29343,  0.92232,  0.57125, -1.47602, -0.78288, -0.73751, -0.43444]
Time: 6.417000  q values: [-0.29343,  0.92231,  0.57079, -1.47572, -0.78454, -0.73756, -0.43750]
Time: 6.420000  q values: [-0.29343,  0.92231,  0.57035, -1.47541, -0.78618, -0.73762, -0.44057]
Time: 6.423000  q values: [-0.29343,  0.92230,  0.56992, -1.47512, -0.78783, -0.73769, -0.44365]
Time: 6.426000  q values: [-0.29343,  0.92230,  0.56949, -1.47482, -0.78945, -0.73775, -0.44675]
Time: 6.429000  q values: [-0.29343,  0.92230,  0.56905, -1.47453, -0.79107, -0.73782, -0.44985]
Time: 6.432000  q values: [-0.29343,  0.92230,  0.56862, -1.47423, -0.79266, -0.73789, -0.45297]
Time: 6.435000  q values: [-0.29343,  0.92230,  0.56820, -1.47393, -0.79425, -0.73797, -0.45609]
Time: 6.438000  q values: [-0.29343,  0.92230,  0.56779, -1.47364, -0.79583, -0.73805, -0.45922]
Time: 6.441000  q values: [-0.29343,  0.92230,  0.56738, -1.47334, -0.79739, -0.73812, -0.46235]
Time: 6.444000  q values: [-0.29343,  0.92229,  0.56697, -1.47306, -0.79894, -0.73818, -0.46550]
Time: 6.447000  q values: [-0.29343,  0.92229,  0.56656, -1.47276, -0.80046, -0.73824, -0.46865]
Time: 6.450000  q values: [-0.29343,  0.92229,  0.56617, -1.47247, -0.80198, -0.73830, -0.47180]
Time: 6.453000  q values: [-0.29343,  0.92229,  0.56579, -1.47217, -0.80348, -0.73834, -0.47495]
Time: 6.456000  q values: [-0.29343,  0.92229,  0.56542, -1.47188, -0.80497, -0.73838, -0.47810]
Time: 6.459000  q values: [-0.29343,  0.92228,  0.56504, -1.47159, -0.80644, -0.73840, -0.48125]
Time: 6.462000  q values: [-0.29343,  0.92228,  0.56465, -1.47129, -0.80789, -0.73841, -0.48441]
Time: 6.465000  q values: [-0.29343,  0.92228,  0.56428, -1.47100, -0.80933, -0.73841, -0.48758]
Time: 6.468000  q values: [-0.29343,  0.92229,  0.56391, -1.47071, -0.81075, -0.73840, -0.49075]
Time: 6.471000  q values: [-0.29343,  0.92228,  0.56356, -1.47041, -0.81215, -0.73840, -0.49392]
Time: 6.474000  q values: [-0.29343,  0.92228,  0.56320, -1.47011, -0.81353, -0.73840, -0.49709]
Time: 6.477000  q values: [-0.29343,  0.92228,  0.56284, -1.46981, -0.81489, -0.73839, -0.50025]
Time: 6.480000  q values: [-0.29343,  0.92229,  0.56247, -1.46950, -0.81623, -0.73840, -0.50342]
Time: 6.483000  q values: [-0.29343,  0.92229,  0.56211, -1.46919, -0.81756, -0.73840, -0.50657]
Time: 6.486000  q values: [-0.29343,  0.92229,  0.56176, -1.46889, -0.81887, -0.73840, -0.50973]
Time: 6.489000  q values: [-0.29343,  0.92229,  0.56141, -1.46859, -0.82016, -0.73840, -0.51288]
Time: 6.492000  q values: [-0.29343,  0.92230,  0.56105, -1.46830, -0.82143, -0.73839, -0.51602]
Time: 6.495000  q values: [-0.29343,  0.92230,  0.56069, -1.46801, -0.82268, -0.73839, -0.51916]
Time: 6.498000  q values: [-0.29343,  0.92231,  0.56033, -1.46773, -0.82390, -0.73839, -0.52228]
Time: 6.501000  q values: [-0.29343,  0.92231,  0.55998, -1.46744, -0.82512, -0.73840, -0.52540]
Time: 6.504000  q values: [-0.29343,  0.92232,  0.55963, -1.46715, -0.82631, -0.73840, -0.52852]
Time: 6.507000  q values: [-0.29343,  0.92232,  0.55930, -1.46687, -0.82748, -0.73840, -0.53162]
Time: 6.510000  q values: [-0.29343,  0.92233,  0.55896, -1.46659, -0.82863, -0.73839, -0.53472]
Time: 6.513000  q values: [-0.29343,  0.92233,  0.55863, -1.46631, -0.82976, -0.73839, -0.53779]
Time: 6.516000  q values: [-0.29343,  0.92233,  0.55830, -1.46603, -0.83087, -0.73840, -0.54086]
Time: 6.519000  q values: [-0.29343,  0.92234,  0.55797, -1.46575, -0.83195, -0.73840, -0.54391]
Time: 6.522000  q values: [-0.29343,  0.92234,  0.55766, -1.46548, -0.83301, -0.73840, -0.54695]
Time: 6.525000  q values: [-0.29343,  0.92234,  0.55735, -1.46521, -0.83406, -0.73839, -0.54998]
Time: 6.528000  q values: [-0.29343,  0.92235,  0.55704, -1.46494, -0.83507, -0.73839, -0.55299]
Time: 6.531000  q values: [-0.29343,  0.92235,  0.55674, -1.46466, -0.83606, -0.73838, -0.55598]
Time: 6.534000  q values: [-0.29343,  0.92236,  0.55643, -1.46439, -0.83703, -0.73837, -0.55896]
Time: 6.537000  q values: [-0.29343,  0.92237,  0.55613, -1.46412, -0.83799, -0.73836, -0.56192]
Time: 6.540000  q values: [-0.29343,  0.92238,  0.55583, -1.46385, -0.83891, -0.73834, -0.56486]
Time: 6.543000  q values: [-0.29343,  0.92239,  0.55553, -1.46358, -0.83981, -0.73832, -0.56777]
Time: 6.546000  q values: [-0.29343,  0.92240,  0.55525, -1.46332, -0.84069, -0.73828, -0.57066]
Time: 6.549000  q values: [-0.29343,  0.92241,  0.55496, -1.46304, -0.84153, -0.73824, -0.57353]
Time: 6.552000  q values: [-0.29343,  0.92242,  0.55468, -1.46277, -0.84234, -0.73818, -0.57637]
Time: 6.555000  q values: [-0.29343,  0.92244,  0.55439, -1.46250, -0.84314, -0.73811, -0.57918]
Time: 6.558000  q values: [-0.29343,  0.92246,  0.55410, -1.46223, -0.84391, -0.73803, -0.58197]
Time: 6.561000  q values: [-0.29343,  0.92248,  0.55381, -1.46195, -0.84465, -0.73794, -0.58473]
Time: 6.564000  q values: [-0.29343,  0.92250,  0.55352, -1.46168, -0.84536, -0.73784, -0.58746]
Time: 6.567000  q values: [-0.29343,  0.92251,  0.55324, -1.46141, -0.84604, -0.73772, -0.59016]
Time: 6.570000  q values: [-0.29343,  0.92253,  0.55296, -1.46114, -0.84670, -0.73758, -0.59281]
Time: 6.573000  q values: [-0.29343,  0.92255,  0.55269, -1.46087, -0.84732, -0.73742, -0.59544]
Time: 6.576000  q values: [-0.29343,  0.92257,  0.55241, -1.46059, -0.84793, -0.73725, -0.59802]
Time: 6.579000  q values: [-0.29343,  0.92259,  0.55214, -1.46032, -0.84850, -0.73707, -0.60056]
Time: 6.582000  q values: [-0.29343,  0.92261,  0.55187, -1.46006, -0.84905, -0.73688, -0.60308]
Time: 6.585000  q values: [-0.29343,  0.92263,  0.55160, -1.45979, -0.84957, -0.73669, -0.60557]
Time: 6.588000  q values: [-0.29343,  0.92265,  0.55133, -1.45952, -0.85007, -0.73652, -0.60801]
Time: 6.591000  q values: [-0.29343,  0.92267,  0.55107, -1.45926, -0.85055, -0.73637, -0.61042]
Time: 6.594000  q values: [-0.29343,  0.92269,  0.55082, -1.45900, -0.85099, -0.73624, -0.61279]
Time: 6.597000  q values: [-0.29343,  0.92272,  0.55058, -1.45874, -0.85141, -0.73611, -0.61512]
Time: 6.600000  q values: [-0.29343,  0.92274,  0.55033, -1.45848, -0.85179, -0.73597, -0.61740]
Time: 6.603000  q values: [-0.29343,  0.92276,  0.55009, -1.45822, -0.85215, -0.73584, -0.61965]
Time: 6.606000  q values: [-0.29343,  0.92279,  0.54983, -1.45798, -0.85248, -0.73570, -0.62186]
Time: 6.609000  q values: [-0.29343,  0.92282,  0.54959, -1.45773, -0.85278, -0.73557, -0.62403]
Time: 6.612000  q values: [-0.29343,  0.92284,  0.54934, -1.45749, -0.85305, -0.73543, -0.62616]
Time: 6.615000  q values: [-0.29343,  0.92287,  0.54910, -1.45725, -0.85330, -0.73528, -0.62826]
Time: 6.618000  q values: [-0.29343,  0.92289,  0.54887, -1.45701, -0.85352, -0.73514, -0.63031]
Time: 6.621000  q values: [-0.29343,  0.92292,  0.54866, -1.45677, -0.85372, -0.73500, -0.63233]
Time: 6.624000  q values: [-0.29343,  0.92294,  0.54845, -1.45654, -0.85388, -0.73487, -0.63430]
Time: 6.627000  q values: [-0.29343,  0.92297,  0.54824, -1.45631, -0.85401, -0.73474, -0.63623]
Time: 6.630000  q values: [-0.29343,  0.92300,  0.54803, -1.45608, -0.85413, -0.73461, -0.63812]
Time: 6.633000  q values: [-0.29343,  0.92303,  0.54781, -1.45586, -0.85421, -0.73449, -0.63998]
Time: 6.636000  q values: [-0.29343,  0.92306,  0.54760, -1.45565, -0.85427, -0.73439, -0.64179]
Time: 6.639000  q values: [-0.29343,  0.92309,  0.54738, -1.45544, -0.85431, -0.73430, -0.64357]
Time: 6.642000  q values: [-0.29343,  0.92311,  0.54717, -1.45523, -0.85432, -0.73423, -0.64530]
Time: 6.645000  q values: [-0.29343,  0.92314,  0.54697, -1.45503, -0.85431, -0.73415, -0.64700]
Time: 6.648000  q values: [-0.29343,  0.92316,  0.54678, -1.45483, -0.85430, -0.73407, -0.64865]
Time: 6.651000  q values: [-0.29343,  0.92319,  0.54659, -1.45464, -0.85428, -0.73399, -0.65026]
Time: 6.654000  q values: [-0.29343,  0.92321,  0.54641, -1.45445, -0.85426, -0.73391, -0.65183]
Time: 6.657000  q values: [-0.29343,  0.92324,  0.54624, -1.45426, -0.85422, -0.73381, -0.65335]
Time: 6.660000  q values: [-0.29343,  0.92326,  0.54606, -1.45407, -0.85419, -0.73372, -0.65483]
Time: 6.663000  q values: [-0.29343,  0.92329,  0.54588, -1.45389, -0.85415, -0.73362, -0.65627]
Time: 6.666000  q values: [-0.29343,  0.92331,  0.54569, -1.45372, -0.85410, -0.73353, -0.65767]
Time: 6.669000  q values: [-0.29343,  0.92334,  0.54551, -1.45355, -0.85404, -0.73342, -0.65904]
Time: 6.672000  q values: [-0.29343,  0.92336,  0.54533, -1.45338, -0.85396, -0.73332, -0.66036]
Time: 6.675000  q values: [-0.29343,  0.92338,  0.54515, -1.45322, -0.85385, -0.73322, -0.66165]
Time: 6.678000  q values: [-0.29343,  0.92340,  0.54499, -1.45306, -0.85374, -0.73311, -0.66290]
Time: 6.681000  q values: [-0.29343,  0.92342,  0.54483, -1.45291, -0.85361, -0.73301, -0.66411]
Time: 6.684000  q values: [-0.29343,  0.92344,  0.54468, -1.45276, -0.85347, -0.73292, -0.66528]
Time: 6.687000  q values: [-0.29343,  0.92346,  0.54454, -1.45261, -0.85330, -0.73284, -0.66641]
Time: 6.690000  q values: [-0.29343,  0.92348,  0.54440, -1.45246, -0.85311, -0.73277, -0.66751]
Time: 6.693000  q values: [-0.29343,  0.92350,  0.54426, -1.45232, -0.85291, -0.73269, -0.66857]
Time: 6.696000  q values: [-0.29343,  0.92352,  0.54412, -1.45218, -0.85270, -0.73261, -0.66959]
Time: 6.699000  q values: [-0.29343,  0.92355,  0.54398, -1.45204, -0.85246, -0.73254, -0.67058]
Time: 6.702000  q values: [-0.29343,  0.92357,  0.54384, -1.45191, -0.85221, -0.73248, -0.67153]
Time: 6.705000  q values: [-0.29343,  0.92359,  0.54369, -1.45178, -0.85194, -0.73242, -0.67244]
Time: 6.708000  q values: [-0.29343,  0.92361,  0.54355, -1.45166, -0.85165, -0.73236, -0.67333]
Time: 6.711000  q values: [-0.29343,  0.92362,  0.54341, -1.45154, -0.85135, -0.73232, -0.67418]
Time: 6.714000  q values: [-0.29343,  0.92364,  0.54329, -1.45143, -0.85105, -0.73228, -0.67500]
Time: 6.717000  q values: [-0.29343,  0.92365,  0.54316, -1.45132, -0.85072, -0.73225, -0.67579]
Time: 6.720000  q values: [-0.29343,  0.92367,  0.54305, -1.45121, -0.85038, -0.73222, -0.67657]
Time: 6.723000  q values: [-0.29343,  0.92368,  0.54294, -1.45111, -0.85002, -0.73220, -0.67731]
Time: 6.726000  q values: [-0.29343,  0.92370,  0.54283, -1.45101, -0.84965, -0.73217, -0.67802]
Time: 6.729000  q values: [-0.29343,  0.92371,  0.54273, -1.45091, -0.84927, -0.73215, -0.67872]
Time: 6.732000  q values: [-0.29343,  0.92372,  0.54263, -1.45081, -0.84887, -0.73212, -0.67938]
Time: 6.735000  q values: [-0.29343,  0.92374,  0.54254, -1.45071, -0.84845, -0.73210, -0.68002]
Time: 6.738000  q values: [-0.29343,  0.92376,  0.54245, -1.45062, -0.84802, -0.73208, -0.68063]
Time: 6.741000  q values: [-0.29343,  0.92377,  0.54236, -1.45053, -0.84758, -0.73205, -0.68121]
Time: 6.744000  q values: [-0.29343,  0.92379,  0.54228, -1.45043, -0.84712, -0.73203, -0.68176]
Time: 6.747000  q values: [-0.29343,  0.92380,  0.54220, -1.45035, -0.84664, -0.73200, -0.68230]
Time: 6.750000  q values: [-0.29343,  0.92382,  0.54213, -1.45026, -0.84616, -0.73198, -0.68280]
Time: 6.753000  q values: [-0.29343,  0.92383,  0.54207, -1.45018, -0.84566, -0.73195, -0.68327]
Time: 6.756000  q values: [-0.29343,  0.92384,  0.54201, -1.45009, -0.84515, -0.73192, -0.68373]
Time: 6.759000  q values: [-0.29343,  0.92386,  0.54195, -1.45001, -0.84462, -0.73190, -0.68416]
Time: 6.762000  q values: [-0.29343,  0.92387,  0.54189, -1.44994, -0.84408, -0.73187, -0.68456]
Time: 6.765000  q values: [-0.29343,  0.92388,  0.54183, -1.44987, -0.84354, -0.73185, -0.68493]
Time: 6.768000  q values: [-0.29343,  0.92390,  0.54177, -1.44980, -0.84298, -0.73182, -0.68528]
Time: 6.771000  q values: [-0.29343,  0.92391,  0.54171, -1.44973, -0.84243, -0.73180, -0.68562]
Time: 6.774000  q values: [-0.29343,  0.92392,  0.54166, -1.44967, -0.84187, -0.73178, -0.68595]
Time: 6.777000  q values: [-0.29343,  0.92393,  0.54161, -1.44961, -0.84129, -0.73175, -0.68625]
Time: 6.780000  q values: [-0.29343,  0.92393,  0.54155, -1.44954, -0.84070, -0.73173, -0.68651]
Time: 6.783000  q values: [-0.29343,  0.92394,  0.54150, -1.44949, -0.84010, -0.73171, -0.68675]
Time: 6.786000  q values: [-0.29343,  0.92395,  0.54146, -1.44944, -0.83950, -0.73169, -0.68697]
Time: 6.789000  q values: [-0.29343,  0.92396,  0.54141, -1.44939, -0.83891, -0.73167, -0.68720]
Time: 6.792000  q values: [-0.29343,  0.92396,  0.54137, -1.44934, -0.83831, -0.73166, -0.68742]
Time: 6.795000  q values: [-0.29343,  0.92396,  0.54133, -1.44929, -0.83769, -0.73164, -0.68763]
Time: 6.798000  q values: [-0.29343,  0.92396,  0.54128, -1.44925, -0.83706, -0.73163, -0.68782]
Time: 6.801000  q values: [-0.29343,  0.92397,  0.54125, -1.44921, -0.83644, -0.73162, -0.68800]
Time: 6.804000  q values: [-0.29343,  0.92397,  0.54121, -1.44917, -0.83582, -0.73161, -0.68816]
Time: 6.807000  q values: [-0.29343,  0.92397,  0.54117, -1.44913, -0.83520, -0.73160, -0.68830]
Time: 6.810000  q values: [-0.29343,  0.92396,  0.54113, -1.44909, -0.83457, -0.73159, -0.68843]
Time: 6.813000  q values: [-0.29343,  0.92396,  0.54110, -1.44906, -0.83393, -0.73159, -0.68854]
Time: 6.816000  q values: [-0.29343,  0.92396,  0.54106, -1.44902, -0.83329, -0.73158, -0.68864]
Time: 6.819000  q values: [-0.29343,  0.92396,  0.54103, -1.44899, -0.83265, -0.73158, -0.68873]
Time: 6.822000  q values: [-0.29343,  0.92396,  0.54100, -1.44895, -0.83202, -0.73158, -0.68882]
Time: 6.825000  q values: [-0.29343,  0.92396,  0.54097, -1.44892, -0.83139, -0.73158, -0.68890]
Time: 6.828000  q values: [-0.29343,  0.92396,  0.54094, -1.44889, -0.83075, -0.73158, -0.68899]
Time: 6.831000  q values: [-0.29343,  0.92396,  0.54092, -1.44886, -0.83011, -0.73158, -0.68908]
Time: 6.834000  q values: [-0.29343,  0.92395,  0.54089, -1.44883, -0.82947, -0.73158, -0.68917]
Time: 6.837000  q values: [-0.29343,  0.92395,  0.54087, -1.44880, -0.82884, -0.73158, -0.68926]
Time: 6.840000  q values: [-0.29343,  0.92395,  0.54085, -1.44877, -0.82822, -0.73158, -0.68936]
Time: 6.843000  q values: [-0.29343,  0.92395,  0.54083, -1.44874, -0.82759, -0.73158, -0.68945]
Time: 6.846000  q values: [-0.29343,  0.92395,  0.54081, -1.44871, -0.82697, -0.73158, -0.68954]
Time: 6.849000  q values: [-0.29343,  0.92394,  0.54080, -1.44869, -0.82635, -0.73158, -0.68962]
Time: 6.852000  q values: [-0.29343,  0.92394,  0.54078, -1.44866, -0.82574, -0.73158, -0.68969]
Time: 6.855000  q values: [-0.29343,  0.92394,  0.54077, -1.44864, -0.82513, -0.73158, -0.68975]
Time: 6.858000  q values: [-0.29343,  0.92393,  0.54077, -1.44862, -0.82453, -0.73158, -0.68981]
Time: 6.861000  q values: [-0.29343,  0.92393,  0.54076, -1.44860, -0.82393, -0.73158, -0.68987]
Time: 6.864000  q values: [-0.29343,  0.92392,  0.54076, -1.44858, -0.82334, -0.73158, -0.68992]
Time: 6.867000  q values: [-0.29343,  0.92392,  0.54076, -1.44856, -0.82276, -0.73158, -0.68997]
Time: 6.870000  q values: [-0.29343,  0.92391,  0.54076, -1.44854, -0.82217, -0.73158, -0.69001]
Time: 6.873000  q values: [-0.29343,  0.92391,  0.54076, -1.44852, -0.82159, -0.73158, -0.69005]
Time: 6.876000  q values: [-0.29343,  0.92391,  0.54076, -1.44851, -0.82101, -0.73158, -0.69008]
Time: 6.879000  q values: [-0.29343,  0.92390,  0.54077, -1.44849, -0.82043, -0.73158, -0.69012]
Time: 6.882000  q values: [-0.29343,  0.92390,  0.54077, -1.44847, -0.81987, -0.73158, -0.69015]
Time: 6.885000  q values: [-0.29343,  0.92389,  0.54078, -1.44845, -0.81931, -0.73158, -0.69018]
Time: 6.888000  q values: [-0.29343,  0.92389,  0.54078, -1.44844, -0.81875, -0.73158, -0.69021]
Time: 6.891000  q values: [-0.29343,  0.92388,  0.54079, -1.44842, -0.81820, -0.73158, -0.69024]
Time: 6.894000  q values: [-0.29343,  0.92388,  0.54079, -1.44841, -0.81766, -0.73158, -0.69027]
Time: 6.897000  q values: [-0.29343,  0.92387,  0.54080, -1.44839, -0.81713, -0.73158, -0.69029]
Time: 6.900000  q values: [-0.29343,  0.92387,  0.54080, -1.44838, -0.81659, -0.73158, -0.69031]
Time: 6.903000  q values: [-0.29343,  0.92386,  0.54081, -1.44837, -0.81606, -0.73159, -0.69033]
Time: 6.906000  q values: [-0.29343,  0.92386,  0.54081, -1.44836, -0.81553, -0.73159, -0.69035]
Time: 6.909000  q values: [-0.29343,  0.92385,  0.54082, -1.44835, -0.81501, -0.73159, -0.69037]
Time: 6.912000  q values: [-0.29343,  0.92384,  0.54083, -1.44834, -0.81450, -0.73159, -0.69038]
Time: 6.915000  q values: [-0.29343,  0.92383,  0.54085, -1.44833, -0.81400, -0.73159, -0.69040]
Time: 6.918000  q values: [-0.29343,  0.92383,  0.54086, -1.44832, -0.81351, -0.73159, -0.69042]
Time: 6.921000  q values: [-0.29343,  0.92382,  0.54087, -1.44831, -0.81302, -0.73159, -0.69044]
Time: 6.924000  q values: [-0.29343,  0.92381,  0.54088, -1.44831, -0.81253, -0.73159, -0.69046]
Time: 6.927000  q values: [-0.29343,  0.92380,  0.54090, -1.44830, -0.81206, -0.73159, -0.69047]
Time: 6.930000  q values: [-0.29343,  0.92379,  0.54091, -1.44829, -0.81159, -0.73159, -0.69049]
Time: 6.933000  q values: [-0.29343,  0.92378,  0.54093, -1.44829, -0.81114, -0.73159, -0.69051]
Time: 6.936000  q values: [-0.29343,  0.92377,  0.54094, -1.44829, -0.81071, -0.73159, -0.69053]
Time: 6.939000  q values: [-0.29343,  0.92376,  0.54096, -1.44828, -0.81028, -0.73160, -0.69056]
Time: 6.942000  q values: [-0.29343,  0.92375,  0.54098, -1.44828, -0.80985, -0.73160, -0.69058]
Time: 6.945000  q values: [-0.29343,  0.92374,  0.54100, -1.44828, -0.80942, -0.73160, -0.69060]
Time: 6.948000  q values: [-0.29343,  0.92373,  0.54102, -1.44828, -0.80900, -0.73160, -0.69061]
Time: 6.951000  q values: [-0.29343,  0.92372,  0.54104, -1.44828, -0.80860, -0.73160, -0.69063]
Time: 6.954000  q values: [-0.29343,  0.92371,  0.54106, -1.44828, -0.80822, -0.73160, -0.69065]
Time: 6.957000  q values: [-0.29343,  0.92370,  0.54108, -1.44828, -0.80785, -0.73160, -0.69067]
Time: 6.960000  q values: [-0.29343,  0.92369,  0.54110, -1.44828, -0.80750, -0.73160, -0.69069]
Time: 6.963000  q values: [-0.29343,  0.92368,  0.54112, -1.44828, -0.80716, -0.73160, -0.69071]
Time: 6.966000  q values: [-0.29343,  0.92366,  0.54115, -1.44828, -0.80682, -0.73160, -0.69073]
Time: 6.969000  q values: [-0.29343,  0.92365,  0.54117, -1.44828, -0.80648, -0.73160, -0.69075]
Time: 6.972000  q values: [-0.29343,  0.92364,  0.54120, -1.44828, -0.80614, -0.73160, -0.69077]
Time: 6.975000  q values: [-0.29343,  0.92362,  0.54122, -1.44828, -0.80582, -0.73160, -0.69080]
Time: 6.978000  q values: [-0.29343,  0.92361,  0.54125, -1.44827, -0.80552, -0.73160, -0.69082]
Time: 6.981000  q values: [-0.29343,  0.92360,  0.54127, -1.44827, -0.80524, -0.73160, -0.69085]
Time: 6.984000  q values: [-0.29343,  0.92358,  0.54130, -1.44827, -0.80497, -0.73160, -0.69087]
Time: 6.987000  q values: [-0.29343,  0.92357,  0.54133, -1.44827, -0.80472, -0.73160, -0.69090]
Time: 6.990000  q values: [-0.29343,  0.92355,  0.54136, -1.44827, -0.80448, -0.73160, -0.69094]
Time: 6.993000  q values: [-0.29343,  0.92354,  0.54138, -1.44826, -0.80425, -0.73160, -0.69097]
Time: 6.996000  q values: [-0.29343,  0.92353,  0.54141, -1.44826, -0.80404, -0.73160, -0.69100]
Time: 6.999000  q values: [-0.29343,  0.92351,  0.54144, -1.44826, -0.80383, -0.73160, -0.69104]
Time: 7.002000  q values: [-0.29343,  0.92350,  0.54146, -1.44826, -0.80363, -0.73160, -0.69107]
Time: 7.005000  q values: [-0.29343,  0.92348,  0.54149, -1.44825, -0.80343, -0.73160, -0.69110]
Time: 7.008000  q values: [-0.29343,  0.92346,  0.54152, -1.44825, -0.80323, -0.73160, -0.69114]
Time: 7.011000  q values: [-0.29343,  0.92345,  0.54154, -1.44825, -0.80304, -0.73160, -0.69118]
Time: 7.014000  q values: [-0.29343,  0.92343,  0.54157, -1.44824, -0.80286, -0.73160, -0.69122]
Time: 7.017000  q values: [-0.29343,  0.92342,  0.54160, -1.44824, -0.80270, -0.73160, -0.69125]
Time: 7.020000  q values: [-0.29343,  0.92341,  0.54162, -1.44824, -0.80255, -0.73160, -0.69130]
Time: 7.023000  q values: [-0.29343,  0.92339,  0.54165, -1.44824, -0.80241, -0.73160, -0.69135]
Time: 7.026000  q values: [-0.29343,  0.92338,  0.54168, -1.44823, -0.80229, -0.73160, -0.69140]
Time: 7.029000  q values: [-0.29343,  0.92336,  0.54171, -1.44823, -0.80218, -0.73160, -0.69146]
Time: 7.032000  q values: [-0.29343,  0.92335,  0.54174, -1.44822, -0.80209, -0.73160, -0.69152]
Time: 7.035000  q values: [-0.29343,  0.92334,  0.54177, -1.44822, -0.80200, -0.73160, -0.69157]
Time: 7.038000  q values: [-0.29343,  0.92333,  0.54180, -1.44821, -0.80193, -0.73160, -0.69163]
Time: 7.041000  q values: [-0.29343,  0.92332,  0.54183, -1.44820, -0.80187, -0.73160, -0.69168]
Time: 7.044000  q values: [-0.29343,  0.92331,  0.54186, -1.44819, -0.80182, -0.73160, -0.69172]
Time: 7.047000  q values: [-0.29343,  0.92330,  0.54190, -1.44818, -0.80177, -0.73160, -0.69176]
Time: 7.050000  q values: [-0.29343,  0.92330,  0.54193, -1.44817, -0.80174, -0.73160, -0.69178]
Time: 7.053000  q values: [-0.29343,  0.92329,  0.54197, -1.44815, -0.80172, -0.73161, -0.69180]
Time: 7.056000  q values: [-0.29343,  0.92328,  0.54200, -1.44814, -0.80170, -0.73160, -0.69182]
Time: 7.059000  q values: [-0.29343,  0.92328,  0.54204, -1.44813, -0.80170, -0.73161, -0.69183]
Time: 7.062000  q values: [-0.29343,  0.92327,  0.54208, -1.44811, -0.80170, -0.73161, -0.69184]
Time: 7.065000  q values: [-0.29343,  0.92327,  0.54212, -1.44810, -0.80170, -0.73160, -0.69184]
Time: 7.068000  q values: [-0.29343,  0.92326,  0.54216, -1.44808, -0.80170, -0.73161, -0.69185]
Time: 7.071000  q values: [-0.29343,  0.92326,  0.54220, -1.44807, -0.80170, -0.73160, -0.69185]
Time: 7.074000  q values: [-0.29343,  0.92325,  0.54225, -1.44806, -0.80171, -0.73161, -0.69186]
Time: 7.077000  q values: [-0.29343,  0.92325,  0.54229, -1.44804, -0.80171, -0.73161, -0.69186]
Time: 7.080000  q values: [-0.29343,  0.92325,  0.54233, -1.44803, -0.80172, -0.73161, -0.69186]
Time: 7.083000  q values: [-0.29343,  0.92324,  0.54237, -1.44802, -0.80172, -0.73161, -0.69187]
Time: 7.086000  q values: [-0.29343,  0.92324,  0.54242, -1.44800, -0.80173, -0.73161, -0.69187]
Time: 7.089000  q values: [-0.29343,  0.92324,  0.54247, -1.44799, -0.80174, -0.73161, -0.69187]
Time: 7.092000  q values: [-0.29343,  0.92324,  0.54252, -1.44798, -0.80176, -0.73161, -0.69187]
Time: 7.095000  q values: [-0.29343,  0.92324,  0.54257, -1.44797, -0.80177, -0.73161, -0.69188]
Time: 7.098000  q values: [-0.29343,  0.92324,  0.54262, -1.44796, -0.80177, -0.73161, -0.69188]
Time: 7.101000  q values: [-0.29343,  0.92324,  0.54268, -1.44795, -0.80177, -0.73161, -0.69188]
Time: 7.104000  q values: [-0.29343,  0.92324,  0.54273, -1.44794, -0.80177, -0.73161, -0.69188]
Time: 7.107000  q values: [-0.29343,  0.92324,  0.54279, -1.44794, -0.80177, -0.73161, -0.69188]
Time: 7.110000  q values: [-0.29343,  0.92324,  0.54284, -1.44793, -0.80178, -0.73161, -0.69188]
Time: 7.113000  q values: [-0.29343,  0.92324,  0.54290, -1.44792, -0.80179, -0.73161, -0.69188]
Time: 7.116000  q values: [-0.29343,  0.92324,  0.54296, -1.44791, -0.80180, -0.73161, -0.69188]
Time: 7.119000  q values: [-0.29343,  0.92324,  0.54302, -1.44790, -0.80182, -0.73161, -0.69188]
Time: 7.122000  q values: [-0.29343,  0.92324,  0.54307, -1.44790, -0.80184, -0.73161, -0.69188]
Time: 7.125000  q values: [-0.29343,  0.92324,  0.54314, -1.44789, -0.80186, -0.73162, -0.69188]
Time: 7.128000  q values: [-0.29343,  0.92324,  0.54320, -1.44788, -0.80189, -0.73162, -0.69188]
Time: 7.131000  q values: [-0.29343,  0.92324,  0.54326, -1.44787, -0.80192, -0.73162, -0.69188]
Time: 7.134000  q values: [-0.29343,  0.92324,  0.54333, -1.44787, -0.80196, -0.73162, -0.69188]
Time: 7.137000  q values: [-0.29343,  0.92324,  0.54339, -1.44786, -0.80200, -0.73162, -0.69188]
Time: 7.140000  q values: [-0.29343,  0.92324,  0.54345, -1.44785, -0.80205, -0.73162, -0.69188]
Time: 7.143000  q values: [-0.29343,  0.92324,  0.54352, -1.44784, -0.80209, -0.73162, -0.69188]
Time: 7.146000  q values: [-0.29343,  0.92324,  0.54358, -1.44783, -0.80214, -0.73162, -0.69188]
Time: 7.149000  q values: [-0.29343,  0.92324,  0.54365, -1.44783, -0.80218, -0.73162, -0.69188]
Time: 7.152000  q values: [-0.29343,  0.92324,  0.54371, -1.44782, -0.80222, -0.73162, -0.69188]
Time: 7.155000  q values: [-0.29343,  0.92324,  0.54378, -1.44781, -0.80226, -0.73162, -0.69188]
Time: 7.158000  q values: [-0.29343,  0.92324,  0.54385, -1.44780, -0.80230, -0.73162, -0.69188]
Time: 7.161000  q values: [-0.29343,  0.92324,  0.54392, -1.44779, -0.80234, -0.73162, -0.69188]
Time: 7.164000  q values: [-0.29343,  0.92324,  0.54399, -1.44778, -0.80238, -0.73162, -0.69188]
Time: 7.167000  q values: [-0.29343,  0.92324,  0.54407, -1.44777, -0.80242, -0.73162, -0.69188]
Time: 7.170000  q values: [-0.29343,  0.92324,  0.54414, -1.44776, -0.80247, -0.73162, -0.69188]
Time: 7.173000  q values: [-0.29343,  0.92324,  0.54422, -1.44775, -0.80252, -0.73162, -0.69188]
Time: 7.176000  q values: [-0.29343,  0.92324,  0.54430, -1.44774, -0.80257, -0.73162, -0.69188]
Time: 7.179000  q values: [-0.29343,  0.92324,  0.54437, -1.44773, -0.80262, -0.73162, -0.69188]
Time: 7.182000  q values: [-0.29343,  0.92324,  0.54445, -1.44772, -0.80268, -0.73162, -0.69188]
Time: 7.185000  q values: [-0.29343,  0.92324,  0.54453, -1.44771, -0.80274, -0.73162, -0.69188]
Time: 7.188000  q values: [-0.29343,  0.92324,  0.54460, -1.44770, -0.80280, -0.73162, -0.69188]
Time: 7.191000  q values: [-0.29343,  0.92324,  0.54468, -1.44769, -0.80286, -0.73162, -0.69188]
Time: 7.194000  q values: [-0.29343,  0.92324,  0.54475, -1.44768, -0.80293, -0.73163, -0.69188]
Time: 7.197000  q values: [-0.29343,  0.92324,  0.54483, -1.44767, -0.80300, -0.73163, -0.69188]
Time: 7.200000  q values: [-0.29343,  0.92324,  0.54491, -1.44766, -0.80307, -0.73163, -0.69188]
Time: 7.203000  q values: [-0.29343,  0.92324,  0.54499, -1.44765, -0.80315, -0.73163, -0.69188]
Time: 7.206000  q values: [-0.29343,  0.92324,  0.54507, -1.44763, -0.80322, -0.73163, -0.69188]
Time: 7.209000  q values: [-0.29343,  0.92324,  0.54515, -1.44762, -0.80330, -0.73163, -0.69188]
Time: 7.212000  q values: [-0.29343,  0.92324,  0.54523, -1.44761, -0.80338, -0.73163, -0.69188]
Time: 7.215000  q values: [-0.29343,  0.92324,  0.54531, -1.44760, -0.80346, -0.73163, -0.69188]
Time: 7.218000  q values: [-0.29343,  0.92324,  0.54539, -1.44759, -0.80355, -0.73163, -0.69188]
Time: 7.221000  q values: [-0.29343,  0.92324,  0.54547, -1.44758, -0.80364, -0.73163, -0.69188]
Time: 7.224000  q values: [-0.29343,  0.92324,  0.54555, -1.44757, -0.80374, -0.73163, -0.69188]
Time: 7.227000  q values: [-0.29343,  0.92325,  0.54564, -1.44756, -0.80384, -0.73163, -0.69188]
Time: 7.230000  q values: [-0.29343,  0.92325,  0.54573, -1.44755, -0.80395, -0.73163, -0.69188]
Time: 7.233000  q values: [-0.29343,  0.92325,  0.54581, -1.44754, -0.80407, -0.73163, -0.69188]
Time: 7.236000  q values: [-0.29343,  0.92325,  0.54590, -1.44753, -0.80419, -0.73163, -0.69188]
Time: 7.239000  q values: [-0.29343,  0.92325,  0.54599, -1.44753, -0.80432, -0.73163, -0.69188]
Time: 7.242000  q values: [-0.29343,  0.92325,  0.54608, -1.44752, -0.80444, -0.73163, -0.69188]
Time: 7.245000  q values: [-0.29343,  0.92325,  0.54617, -1.44751, -0.80457, -0.73163, -0.69188]
Time: 7.248000  q values: [-0.29343,  0.92326,  0.54626, -1.44750, -0.80470, -0.73163, -0.69188]
Time: 7.251000  q values: [-0.29343,  0.92326,  0.54635, -1.44749, -0.80483, -0.73163, -0.69188]
Time: 7.254000  q values: [-0.29343,  0.92326,  0.54644, -1.44749, -0.80496, -0.73163, -0.69188]
Time: 7.257000  q values: [-0.29343,  0.92327,  0.54653, -1.44748, -0.80509, -0.73162, -0.69188]
Time: 7.260000  q values: [-0.29343,  0.92327,  0.54662, -1.44747, -0.80522, -0.73163, -0.69188]
Time: 7.263000  q values: [-0.29343,  0.92327,  0.54671, -1.44746, -0.80534, -0.73162, -0.69188]
Time: 7.266000  q values: [-0.29343,  0.92328,  0.54679, -1.44745, -0.80547, -0.73162, -0.69188]
Time: 7.269000  q values: [-0.29343,  0.92328,  0.54687, -1.44745, -0.80559, -0.73162, -0.69188]
Time: 7.272000  q values: [-0.29343,  0.92328,  0.54695, -1.44744, -0.80572, -0.73162, -0.69188]
Time: 7.275000  q values: [-0.29343,  0.92328,  0.54703, -1.44743, -0.80584, -0.73163, -0.69188]
Time: 7.278000  q values: [-0.29343,  0.92328,  0.54711, -1.44743, -0.80596, -0.73163, -0.69188]
Time: 7.281000  q values: [-0.29343,  0.92328,  0.54719, -1.44743, -0.80608, -0.73162, -0.69188]
Time: 7.284000  q values: [-0.29343,  0.92328,  0.54728, -1.44742, -0.80619, -0.73162, -0.69188]
Time: 7.287000  q values: [-0.29343,  0.92328,  0.54735, -1.44742, -0.80631, -0.73162, -0.69188]
Time: 7.290000  q values: [-0.29343,  0.92328,  0.54743, -1.44742, -0.80642, -0.73162, -0.69188]
Time: 7.293000  q values: [-0.29343,  0.92328,  0.54750, -1.44742, -0.80653, -0.73162, -0.69188]
Time: 7.296000  q values: [-0.29343,  0.92328,  0.54758, -1.44742, -0.80664, -0.73162, -0.69188]
Time: 7.299000  q values: [-0.29343,  0.92328,  0.54766, -1.44742, -0.80675, -0.73162, -0.69187]
Time: 7.302000  q values: [-0.29343,  0.92328,  0.54774, -1.44742, -0.80685, -0.73162, -0.69187]
Time: 7.305000  q values: [-0.29343,  0.92328,  0.54782, -1.44742, -0.80697, -0.73162, -0.69187]
Time: 7.308000  q values: [-0.29343,  0.92328,  0.54791, -1.44742, -0.80708, -0.73162, -0.69187]
Time: 7.311000  q values: [-0.29343,  0.92328,  0.54800, -1.44742, -0.80720, -0.73162, -0.69187]
Time: 7.314000  q values: [-0.29343,  0.92328,  0.54808, -1.44742, -0.80732, -0.73162, -0.69187]
Time: 7.317000  q values: [-0.29343,  0.92328,  0.54817, -1.44742, -0.80744, -0.73162, -0.69187]
Time: 7.320000  q values: [-0.29343,  0.92329,  0.54826, -1.44742, -0.80757, -0.73162, -0.69187]
Time: 7.323000  q values: [-0.29343,  0.92329,  0.54835, -1.44742, -0.80769, -0.73162, -0.69187]
Time: 7.326000  q values: [-0.29343,  0.92329,  0.54844, -1.44742, -0.80782, -0.73162, -0.69187]
Time: 7.329000  q values: [-0.29343,  0.92330,  0.54853, -1.44742, -0.80795, -0.73162, -0.69187]
Time: 7.332000  q values: [-0.29343,  0.92330,  0.54862, -1.44742, -0.80808, -0.73162, -0.69186]
Time: 7.335000  q values: [-0.29343,  0.92330,  0.54871, -1.44742, -0.80820, -0.73162, -0.69186]
Time: 7.338000  q values: [-0.29343,  0.92330,  0.54880, -1.44742, -0.80833, -0.73162, -0.69186]
Time: 7.341000  q values: [-0.29343,  0.92331,  0.54888, -1.44742, -0.80845, -0.73162, -0.69186]
Time: 7.344000  q values: [-0.29343,  0.92331,  0.54896, -1.44742, -0.80857, -0.73162, -0.69186]
Time: 7.347000  q values: [-0.29343,  0.92331,  0.54904, -1.44742, -0.80869, -0.73162, -0.69186]
Time: 7.350000  q values: [-0.29343,  0.92332,  0.54913, -1.44742, -0.80881, -0.73162, -0.69186]
Time: 7.353000  q values: [-0.29343,  0.92332,  0.54921, -1.44742, -0.80892, -0.73162, -0.69186]
Time: 7.356000  q values: [-0.29343,  0.92332,  0.54929, -1.44742, -0.80904, -0.73162, -0.69185]
Time: 7.359000  q values: [-0.29343,  0.92332,  0.54937, -1.44742, -0.80915, -0.73162, -0.69185]
Time: 7.362000  q values: [-0.29343,  0.92332,  0.54945, -1.44742, -0.80926, -0.73162, -0.69185]
Time: 7.365000  q values: [-0.29343,  0.92332,  0.54953, -1.44742, -0.80937, -0.73162, -0.69185]
Time: 7.368000  q values: [-0.29343,  0.92332,  0.54960, -1.44742, -0.80948, -0.73162, -0.69185]
Time: 7.371000  q values: [-0.29343,  0.92332,  0.54968, -1.44743, -0.80958, -0.73162, -0.69185]
Time: 7.374000  q values: [-0.29343,  0.92332,  0.54976, -1.44743, -0.80969, -0.73162, -0.69184]
Time: 7.377000  q values: [-0.29343,  0.92332,  0.54984, -1.44743, -0.80979, -0.73162, -0.69184]
Time: 7.380000  q values: [-0.29343,  0.92332,  0.54992, -1.44743, -0.80989, -0.73162, -0.69184]
Time: 7.383000  q values: [-0.29343,  0.92332,  0.55001, -1.44743, -0.80999, -0.73162, -0.69184]
Time: 7.386000  q values: [-0.29343,  0.92332,  0.55009, -1.44743, -0.81009, -0.73162, -0.69184]
Time: 7.389000  q values: [-0.29343,  0.92332,  0.55018, -1.44743, -0.81019, -0.73162, -0.69184]
Time: 7.392000  q values: [-0.29343,  0.92332,  0.55026, -1.44743, -0.81028, -0.73162, -0.69184]
Time: 7.395000  q values: [-0.29343,  0.92333,  0.55034, -1.44743, -0.81038, -0.73162, -0.69184]
Time: 7.398000  q values: [-0.29343,  0.92333,  0.55043, -1.44743, -0.81048, -0.73162, -0.69184]
Time: 7.401000  q values: [-0.29343,  0.92333,  0.55051, -1.44743, -0.81059, -0.73162, -0.69184]
Time: 7.404000  q values: [-0.29343,  0.92334,  0.55059, -1.44743, -0.81069, -0.73162, -0.69184]
Time: 7.407000  q values: [-0.29343,  0.92334,  0.55066, -1.44743, -0.81080, -0.73162, -0.69184]
Time: 7.410000  q values: [-0.29343,  0.92335,  0.55074, -1.44743, -0.81090, -0.73162, -0.69184]
Time: 7.413000  q values: [-0.29343,  0.92335,  0.55082, -1.44743, -0.81101, -0.73162, -0.69184]
Time: 7.416000  q values: [-0.29343,  0.92336,  0.55089, -1.44743, -0.81111, -0.73162, -0.69184]
Time: 7.419000  q values: [-0.29343,  0.92336,  0.55097, -1.44743, -0.81122, -0.73162, -0.69184]
Time: 7.422000  q values: [-0.29343,  0.92336,  0.55104, -1.44743, -0.81132, -0.73162, -0.69184]
Time: 7.425000  q values: [-0.29343,  0.92337,  0.55111, -1.44743, -0.81142, -0.73161, -0.69184]
Time: 7.428000  q values: [-0.29343,  0.92337,  0.55117, -1.44743, -0.81152, -0.73161, -0.69184]
Time: 7.431000  q values: [-0.29343,  0.92338,  0.55124, -1.44743, -0.81161, -0.73161, -0.69184]
Time: 7.434000  q values: [-0.29343,  0.92338,  0.55130, -1.44744, -0.81171, -0.73161, -0.69184]
Time: 7.437000  q values: [-0.29343,  0.92338,  0.55136, -1.44744, -0.81180, -0.73160, -0.69184]
Time: 7.440000  q values: [-0.29343,  0.92338,  0.55142, -1.44744, -0.81189, -0.73160, -0.69184]
Time: 7.443000  q values: [-0.29343,  0.92338,  0.55149, -1.44745, -0.81198, -0.73160, -0.69184]
Time: 7.446000  q values: [-0.29343,  0.92338,  0.55155, -1.44745, -0.81207, -0.73159, -0.69184]
Time: 7.449000  q values: [-0.29343,  0.92338,  0.55162, -1.44746, -0.81216, -0.73159, -0.69184]
Time: 7.452000  q values: [-0.29343,  0.92338,  0.55168, -1.44747, -0.81224, -0.73158, -0.69184]
Time: 7.455000  q values: [-0.29343,  0.92338,  0.55174, -1.44747, -0.81232, -0.73158, -0.69184]
Time: 7.458000  q values: [-0.29343,  0.92338,  0.55180, -1.44747, -0.81239, -0.73157, -0.69184]
Time: 7.461000  q values: [-0.29343,  0.92339,  0.55186, -1.44748, -0.81247, -0.73157, -0.69184]
Time: 7.464000  q values: [-0.29343,  0.92339,  0.55192, -1.44749, -0.81254, -0.73156, -0.69184]
Time: 7.467000  q values: [-0.29343,  0.92339,  0.55199, -1.44749, -0.81261, -0.73155, -0.69184]
Time: 7.470000  q values: [-0.29343,  0.92339,  0.55205, -1.44750, -0.81268, -0.73154, -0.69184]
Time: 7.473000  q values: [-0.29343,  0.92340,  0.55211, -1.44751, -0.81275, -0.73153, -0.69184]
Time: 7.476000  q values: [-0.29343,  0.92340,  0.55218, -1.44751, -0.81282, -0.73151, -0.69184]
Time: 7.479000  q values: [-0.29343,  0.92341,  0.55224, -1.44752, -0.81289, -0.73149, -0.69184]
Time: 7.482000  q values: [-0.29343,  0.92341,  0.55230, -1.44752, -0.81295, -0.73148, -0.69184]
Time: 7.485000  q values: [-0.29343,  0.92342,  0.55236, -1.44753, -0.81302, -0.73145, -0.69184]
Time: 7.488000  q values: [-0.29343,  0.92343,  0.55241, -1.44753, -0.81308, -0.73143, -0.69184]
Time: 7.491000  q values: [-0.29343,  0.92344,  0.55247, -1.44754, -0.81314, -0.73141, -0.69184]
Time: 7.494000  q values: [-0.29343,  0.92344,  0.55252, -1.44754, -0.81319, -0.73138, -0.69183]
Time: 7.497000  q values: [-0.29343,  0.92346,  0.55257, -1.44755, -0.81325, -0.73135, -0.69183]
Time: 7.500000  q values: [-0.29343,  0.92347,  0.55262, -1.44755, -0.81330, -0.73133, -0.69182]
Time: 7.503000  q values: [-0.29343,  0.92347,  0.55267, -1.44756, -0.81334, -0.73129, -0.69182]
Time: 7.506000  q values: [-0.29343,  0.92348,  0.55272, -1.44757, -0.81338, -0.73126, -0.69181]
Time: 7.509000  q values: [-0.29343,  0.92349,  0.55278, -1.44758, -0.81342, -0.73122, -0.69180]
Time: 7.512000  q values: [-0.29343,  0.92350,  0.55283, -1.44759, -0.81346, -0.73118, -0.69179]
Time: 7.515000  q values: [-0.29343,  0.92351,  0.55289, -1.44761, -0.81349, -0.73114, -0.69178]
Time: 7.518000  q values: [-0.29343,  0.92352,  0.55294, -1.44762, -0.81352, -0.73109, -0.69177]
Time: 7.521000  q values: [-0.29343,  0.92353,  0.55299, -1.44764, -0.81355, -0.73104, -0.69176]
Time: 7.524000  q values: [-0.29343,  0.92354,  0.55305, -1.44766, -0.81357, -0.73099, -0.69175]
Time: 7.527000  q values: [-0.29343,  0.92355,  0.55310, -1.44768, -0.81359, -0.73095, -0.69174]
Time: 7.530000  q values: [-0.29343,  0.92355,  0.55315, -1.44771, -0.81361, -0.73090, -0.69173]
Time: 7.533000  q values: [-0.29343,  0.92356,  0.55320, -1.44773, -0.81362, -0.73085, -0.69172]
Time: 7.536000  q values: [-0.29343,  0.92356,  0.55324, -1.44776, -0.81364, -0.73081, -0.69171]
Time: 7.539000  q values: [-0.29343,  0.92357,  0.55329, -1.44779, -0.81365, -0.73077, -0.69169]
Time: 7.542000  q values: [-0.29343,  0.92357,  0.55333, -1.44782, -0.81366, -0.73074, -0.69168]
Time: 7.545000  q values: [-0.29343,  0.92357,  0.55338, -1.44785, -0.81367, -0.73071, -0.69167]
Time: 7.548000  q values: [-0.29343,  0.92358,  0.55342, -1.44788, -0.81368, -0.73068, -0.69166]
Time: 7.551000  q values: [-0.29343,  0.92358,  0.55346, -1.44791, -0.81369, -0.73065, -0.69165]
Time: 7.554000  q values: [-0.29343,  0.92358,  0.55349, -1.44795, -0.81370, -0.73062, -0.69164]
Time: 7.557000  q values: [-0.29343,  0.92359,  0.55353, -1.44798, -0.81371, -0.73058, -0.69163]
Time: 7.560000  q values: [-0.29343,  0.92359,  0.55356, -1.44801, -0.81372, -0.73055, -0.69162]
Time: 7.563000  q values: [-0.29343,  0.92360,  0.55359, -1.44805, -0.81372, -0.73051, -0.69161]
Time: 7.566000  q values: [-0.29343,  0.92360,  0.55362, -1.44808, -0.81373, -0.73047, -0.69160]
Time: 7.569000  q values: [-0.29343,  0.92361,  0.55364, -1.44811, -0.81374, -0.73042, -0.69159]
Time: 7.572000  q values: [-0.29343,  0.92361,  0.55367, -1.44814, -0.81375, -0.73037, -0.69158]
Time: 7.575000  q values: [-0.29343,  0.92361,  0.55369, -1.44818, -0.81376, -0.73032, -0.69157]
Time: 7.578000  q values: [-0.29343,  0.92361,  0.55372, -1.44822, -0.81376, -0.73027, -0.69157]
Time: 7.581000  q values: [-0.29343,  0.92362,  0.55374, -1.44825, -0.81377, -0.73022, -0.69156]
Time: 7.584000  q values: [-0.29343,  0.92362,  0.55376, -1.44829, -0.81377, -0.73017, -0.69155]
Time: 7.587000  q values: [-0.29343,  0.92362,  0.55379, -1.44833, -0.81377, -0.73011, -0.69154]
Time: 7.590000  q values: [-0.29343,  0.92362,  0.55381, -1.44837, -0.81378, -0.73007, -0.69152]
Time: 7.593000  q values: [-0.29343,  0.92362,  0.55383, -1.44841, -0.81378, -0.73002, -0.69151]
Time: 7.596000  q values: [-0.29343,  0.92362,  0.55385, -1.44845, -0.81378, -0.72997, -0.69150]
Time: 7.599000  q values: [-0.29343,  0.92362,  0.55387, -1.44850, -0.81378, -0.72993, -0.69149]
Time: 7.602000  q values: [-0.29343,  0.92362,  0.55389, -1.44854, -0.81378, -0.72988, -0.69148]
Time: 7.605000  q values: [-0.29343,  0.92362,  0.55391, -1.44858, -0.81378, -0.72983, -0.69146]
Time: 7.608000  q values: [-0.29343,  0.92362,  0.55393, -1.44863, -0.81378, -0.72979, -0.69145]
Time: 7.611000  q values: [-0.29343,  0.92362,  0.55395, -1.44867, -0.81378, -0.72975, -0.69144]
Time: 7.614000  q values: [-0.29343,  0.92362,  0.55397, -1.44871, -0.81378, -0.72971, -0.69143]
Time: 7.617000  q values: [-0.29343,  0.92362,  0.55398, -1.44876, -0.81378, -0.72967, -0.69142]
Time: 7.620000  q values: [-0.29343,  0.92362,  0.55400, -1.44880, -0.81378, -0.72963, -0.69142]
Time: 7.623000  q values: [-0.29343,  0.92362,  0.55402, -1.44883, -0.81378, -0.72960, -0.69141]
Time: 7.626000  q values: [-0.29343,  0.92362,  0.55403, -1.44887, -0.81378, -0.72956, -0.69140]
Time: 7.629000  q values: [-0.29343,  0.92362,  0.55405, -1.44891, -0.81377, -0.72953, -0.69140]
Time: 7.632000  q values: [-0.29343,  0.92362,  0.55407, -1.44895, -0.81377, -0.72950, -0.69139]
Time: 7.635000  q values: [-0.29343,  0.92362,  0.55408, -1.44899, -0.81377, -0.72948, -0.69138]
Time: 7.638000  q values: [-0.29343,  0.92362,  0.55410, -1.44902, -0.81377, -0.72946, -0.69138]
Time: 7.641000  q values: [-0.29343,  0.92361,  0.55411, -1.44906, -0.81377, -0.72945, -0.69137]
Time: 7.644000  q values: [-0.29343,  0.92361,  0.55413, -1.44909, -0.81377, -0.72944, -0.69137]
Time: 7.647000  q values: [-0.29343,  0.92361,  0.55414, -1.44912, -0.81377, -0.72943, -0.69137]
Time: 7.650000  q values: [-0.29343,  0.92361,  0.55416, -1.44915, -0.81377, -0.72943, -0.69136]
Time: 7.653000  q values: [-0.29343,  0.92361,  0.55417, -1.44918, -0.81377, -0.72943, -0.69136]
Time: 7.656000  q values: [-0.29343,  0.92361,  0.55418, -1.44920, -0.81377, -0.72943, -0.69136]
Time: 7.659000  q values: [-0.29343,  0.92360,  0.55419, -1.44923, -0.81377, -0.72943, -0.69136]
Time: 7.662000  q values: [-0.29343,  0.92360,  0.55420, -1.44925, -0.81377, -0.72943, -0.69136]
Time: 7.665000  q values: [-0.29343,  0.92360,  0.55421, -1.44927, -0.81377, -0.72944, -0.69136]
Time: 7.668000  q values: [-0.29343,  0.92360,  0.55422, -1.44929, -0.81377, -0.72944, -0.69136]
Time: 7.671000  q values: [-0.29343,  0.92360,  0.55423, -1.44931, -0.81377, -0.72944, -0.69136]
Time: 7.674000  q values: [-0.29343,  0.92360,  0.55424, -1.44933, -0.81377, -0.72944, -0.69136]
Time: 7.677000  q values: [-0.29343,  0.92359,  0.55425, -1.44935, -0.81377, -0.72944, -0.69136]
Time: 7.680000  q values: [-0.29343,  0.92359,  0.55426, -1.44936, -0.81377, -0.72944, -0.69136]
Time: 7.683000  q values: [-0.29343,  0.92359,  0.55427, -1.44936, -0.81377, -0.72944, -0.69136]
Time: 7.686000  q values: [-0.29343,  0.92359,  0.55428, -1.44937, -0.81377, -0.72944, -0.69136]
Time: 7.689000  q values: [-0.29343,  0.92359,  0.55428, -1.44938, -0.81377, -0.72944, -0.69136]
Time: 7.692000  q values: [-0.29343,  0.92359,  0.55429, -1.44938, -0.81377, -0.72944, -0.69136]
Time: 7.695000  q values: [-0.29343,  0.92358,  0.55429, -1.44938, -0.81376, -0.72944, -0.69136]
Time: 7.698000  q values: [-0.29343,  0.92358,  0.55430, -1.44938, -0.81376, -0.72944, -0.69136]
Time: 7.701000  q values: [-0.29343,  0.92358,  0.55430, -1.44938, -0.81376, -0.72944, -0.69136]
Time: 7.704000  q values: [-0.29343,  0.92358,  0.55430, -1.44938, -0.81376, -0.72944, -0.69136]
Time: 7.707000  q values: [-0.29343,  0.92358,  0.55431, -1.44937, -0.81376, -0.72944, -0.69136]
Time: 7.710000  q values: [-0.29343,  0.92357,  0.55431, -1.44937, -0.81376, -0.72944, -0.69136]
Time: 7.713000  q values: [-0.29343,  0.92357,  0.55431, -1.44936, -0.81376, -0.72944, -0.69136]
Time: 7.716000  q values: [-0.29343,  0.92356,  0.55431, -1.44936, -0.81376, -0.72944, -0.69136]
Time: 7.719000  q values: [-0.29343,  0.92356,  0.55431, -1.44935, -0.81375, -0.72944, -0.69136]
Time: 7.722000  q values: [-0.29343,  0.92355,  0.55432, -1.44934, -0.81375, -0.72944, -0.69136]
Time: 7.725000  q values: [-0.29343,  0.92354,  0.55432, -1.44934, -0.81375, -0.72944, -0.69136]
Time: 7.728000  q values: [-0.29343,  0.92353,  0.55432, -1.44933, -0.81375, -0.72944, -0.69136]
Time: 7.731000  q values: [-0.29343,  0.92352,  0.55432, -1.44932, -0.81375, -0.72944, -0.69136]
Time: 7.734000  q values: [-0.29343,  0.92351,  0.55432, -1.44931, -0.81375, -0.72944, -0.69136]
Time: 7.737000  q values: [-0.29343,  0.92350,  0.55432, -1.44929, -0.81375, -0.72945, -0.69136]
Time: 7.740000  q values: [-0.29343,  0.92349,  0.55432, -1.44927, -0.81375, -0.72945, -0.69136]
Time: 7.743000  q values: [-0.29343,  0.92348,  0.55433, -1.44926, -0.81375, -0.72945, -0.69136]
Time: 7.746000  q values: [-0.29343,  0.92347,  0.55433, -1.44923, -0.81375, -0.72945, -0.69136]
Time: 7.749000  q values: [-0.29343,  0.92346,  0.55434, -1.44921, -0.81375, -0.72945, -0.69136]
Time: 7.752000  q values: [-0.29343,  0.92345,  0.55435, -1.44918, -0.81375, -0.72945, -0.69136]
Time: 7.755000  q values: [-0.29343,  0.92344,  0.55435, -1.44915, -0.81375, -0.72945, -0.69136]
Time: 7.758000  q values: [-0.29343,  0.92342,  0.55436, -1.44912, -0.81375, -0.72945, -0.69136]
Time: 7.761000  q values: [-0.29343,  0.92341,  0.55437, -1.44908, -0.81375, -0.72945, -0.69136]
Time: 7.764000  q values: [-0.29343,  0.92340,  0.55439, -1.44904, -0.81375, -0.72945, -0.69136]
Time: 7.767000  q values: [-0.29343,  0.92338,  0.55440, -1.44900, -0.81375, -0.72945, -0.69136]
Time: 7.770000  q values: [-0.29343,  0.92337,  0.55441, -1.44896, -0.81375, -0.72945, -0.69135]
Time: 7.773000  q values: [-0.29343,  0.92336,  0.55442, -1.44891, -0.81375, -0.72945, -0.69135]
Time: 7.776000  q values: [-0.29343,  0.92334,  0.55444, -1.44886, -0.81374, -0.72945, -0.69135]
Time: 7.779000  q values: [-0.29343,  0.92333,  0.55445, -1.44881, -0.81374, -0.72946, -0.69135]
Time: 7.782000  q values: [-0.29343,  0.92331,  0.55447, -1.44875, -0.81374, -0.72947, -0.69135]
Time: 7.785000  q values: [-0.29343,  0.92329,  0.55449, -1.44870, -0.81373, -0.72948, -0.69135]
